 # Frequency[cm^-1] DOS PDOS
  0.0000000000E+00  0.0000000000E+00  0.0000E+00  0.0000E+00
  1.0000000000E+00  1.4101697031E-07  7.0508E-08  7.0508E-08
  2.0000000000E+00  5.6407118439E-07  2.8204E-07  2.8204E-07
  3.0000000000E+00  1.2691626422E-06  6.3458E-07  6.3458E-07
  4.0000000000E+00  2.2562913439E-06  1.1281E-06  1.1281E-06
  5.0000000000E+00  3.5254572892E-06  1.7627E-06  1.7627E-06
  6.0000000000E+00  5.0766604784E-06  2.5383E-06  2.5383E-06
  7.0000000000E+00  6.9099009113E-06  3.4550E-06  3.4550E-06
  8.0000000000E+00  9.0251785881E-06  4.5126E-06  4.5126E-06
  9.0000000000E+00  1.1422493509E-05  5.7112E-06  5.7112E-06
  1.0000000000E+01  1.4101845673E-05  7.0509E-06  7.0509E-06
  1.1000000000E+01  1.7063235081E-05  8.5316E-06  8.5316E-06
  1.2000000000E+01  2.0306661733E-05  1.0153E-05  1.0153E-05
  1.3000000000E+01  2.3832125628E-05  1.1916E-05  1.1916E-05
  1.4000000000E+01  2.7639626767E-05  1.3820E-05  1.3820E-05
  1.5000000000E+01  3.1729165151E-05  1.5865E-05  1.5865E-05
  1.6000000000E+01  3.6100740777E-05  1.8050E-05  1.8050E-05
  1.7000000000E+01  4.0754353648E-05  2.0377E-05  2.0377E-05
  1.8000000000E+01  4.5690003763E-05  2.2845E-05  2.2845E-05
  1.9000000000E+01  5.0907691121E-05  2.5454E-05  2.5454E-05
  2.0000000000E+01  5.6407415723E-05  2.8204E-05  2.8204E-05
  2.1000000000E+01  6.2189177568E-05  3.1095E-05  3.1095E-05
  2.2000000000E+01  6.8252976658E-05  3.4126E-05  3.4126E-05
  2.3000000000E+01  7.4598812991E-05  3.7299E-05  3.7299E-05
  2.4000000000E+01  8.1226686568E-05  4.0613E-05  4.0613E-05
  2.5000000000E+01  8.8136597389E-05  4.4068E-05  4.4068E-05
  2.6000000000E+01  9.5328545454E-05  4.7664E-05  4.7664E-05
  2.7000000000E+01  1.0280253076E-04  5.1401E-05  5.1401E-05
  2.8000000000E+01  1.1055855331E-04  5.5279E-05  5.5279E-05
  2.9000000000E+01  1.1859661311E-04  5.9298E-05  5.9298E-05
  3.0000000000E+01  1.2691671015E-04  6.3458E-05  6.3458E-05
  3.1000000000E+01  1.3551884443E-04  6.7759E-05  6.7759E-05
  3.2000000000E+01  1.4440301596E-04  7.2202E-05  7.2202E-05
  3.3000000000E+01  1.5356922473E-04  7.6785E-05  7.6785E-05
  3.4000000000E+01  1.6301747075E-04  8.1509E-05  8.1509E-05
  3.5000000000E+01  1.7274775400E-04  8.6374E-05  8.6374E-05
  3.6000000000E+01  1.8276007451E-04  9.1380E-05  9.1380E-05
  3.7000000000E+01  1.9305443225E-04  9.6527E-05  9.6527E-05
  3.8000000000E+01  2.0363082724E-04  1.0182E-04  1.0182E-04
  3.9000000000E+01  2.1448925948E-04  1.0724E-04  1.0724E-04
  4.0000000000E+01  2.2562972895E-04  1.1281E-04  1.1281E-04
  4.1000000000E+01  2.3705223568E-04  1.1853E-04  1.1853E-04
  4.2000000000E+01  2.4875677964E-04  1.2438E-04  1.2438E-04
  4.3000000000E+01  2.6074336085E-04  1.3037E-04  1.3037E-04
  4.4000000000E+01  2.7301197930E-04  1.3651E-04  1.3651E-04
  4.5000000000E+01  2.8556263500E-04  1.4278E-04  1.4278E-04
  4.6000000000E+01  2.9839532794E-04  1.4920E-04  1.4920E-04
  4.7000000000E+01  3.1151005812E-04  1.5576E-04  1.5576E-04
  4.8000000000E+01  3.2490682555E-04  1.6245E-04  1.6245E-04
  4.9000000000E+01  3.3858563022E-04  1.6929E-04  1.6929E-04
  5.0000000000E+01  4.1785631526E-04  2.0893E-04  2.0893E-04
  5.1000000000E+01  5.4825397492E-04  2.7413E-04  2.7413E-04
  5.2000000000E+01  6.6925820390E-04  3.3463E-04  3.3463E-04
  5.3000000000E+01  7.8086900220E-04  3.9043E-04  3.9043E-04
  5.4000000000E+01  8.8308636981E-04  4.4154E-04  4.4154E-04
  5.5000000000E+01  9.7591030675E-04  4.8796E-04  4.8796E-04
  5.6000000000E+01  1.0593408130E-03  5.2967E-04  5.2967E-04
  5.7000000000E+01  1.1333778886E-03  5.6669E-04  5.6669E-04
  5.8000000000E+01  1.1980215335E-03  5.9901E-04  5.9901E-04
  5.9000000000E+01  1.2532717477E-03  6.2664E-04  6.2664E-04
  6.0000000000E+01  1.2991285312E-03  6.4956E-04  6.4956E-04
  6.1000000000E+01  1.3355918840E-03  6.6780E-04  6.6780E-04
  6.2000000000E+01  1.3626618062E-03  6.8133E-04  6.8133E-04
  6.3000000000E+01  1.3803382977E-03  6.9017E-04  6.9017E-04
  6.4000000000E+01  1.3886213585E-03  6.9431E-04  6.9431E-04
  6.5000000000E+01  1.4266872983E-03  7.1334E-04  7.1334E-04
  6.6000000000E+01  1.4825668510E-03  7.4128E-04  7.4128E-04
  6.7000000000E+01  1.5392423594E-03  7.6962E-04  7.6962E-04
  6.8000000000E+01  1.5967138234E-03  7.9836E-04  7.9836E-04
  6.9000000000E+01  1.6549812431E-03  8.2749E-04  8.2749E-04
  7.0000000000E+01  1.7140446185E-03  8.5702E-04  8.5702E-04
  7.1000000000E+01  1.7739039496E-03  8.8695E-04  8.8695E-04
  7.2000000000E+01  1.8345592363E-03  9.1728E-04  9.1728E-04
  7.3000000000E+01  1.8960104786E-03  9.4801E-04  9.4801E-04
  7.4000000000E+01  1.9608690412E-03  9.8043E-04  9.8043E-04
  7.5000000000E+01  2.0317759469E-03  1.0159E-03  1.0159E-03
  7.6000000000E+01  2.1067614430E-03  1.0534E-03  1.0534E-03
  7.7000000000E+01  2.1858255295E-03  1.0929E-03  1.0929E-03
  7.8000000000E+01  2.2689682063E-03  1.1345E-03  1.1345E-03
  7.9000000000E+01  2.3561894734E-03  1.1781E-03  1.1781E-03
  8.0000000000E+01  2.4474893309E-03  1.2237E-03  1.2237E-03
  8.1000000000E+01  2.5428677788E-03  1.2714E-03  1.2714E-03
  8.2000000000E+01  2.6423248170E-03  1.3212E-03  1.3212E-03
  8.3000000000E+01  2.7458604455E-03  1.3729E-03  1.3729E-03
  8.4000000000E+01  2.8534746644E-03  1.4267E-03  1.4267E-03
  8.5000000000E+01  2.9651674737E-03  1.4826E-03  1.4826E-03
  8.6000000000E+01  3.0826813094E-03  1.5413E-03  1.5413E-03
  8.7000000000E+01  3.2152458782E-03  1.6076E-03  1.6076E-03
  8.8000000000E+01  3.3642119140E-03  1.6821E-03  1.6821E-03
  8.9000000000E+01  3.5295794168E-03  1.7648E-03  1.7648E-03
  9.0000000000E+01  3.7113483866E-03  1.8557E-03  1.8557E-03
  9.1000000000E+01  3.9095188233E-03  1.9548E-03  1.9548E-03
  9.2000000000E+01  4.1240907270E-03  2.0620E-03  2.0620E-03
  9.3000000000E+01  4.3550640977E-03  2.1775E-03  2.1775E-03
  9.4000000000E+01  4.5799302551E-03  2.2900E-03  2.2900E-03
  9.5000000000E+01  4.8087258865E-03  2.4044E-03  2.4044E-03
  9.6000000000E+01  5.0522502211E-03  2.5261E-03  2.5261E-03
  9.7000000000E+01  5.3105032588E-03  2.6553E-03  2.6553E-03
  9.8000000000E+01  5.6111541527E-03  2.8056E-03  2.8056E-03
  9.9000000000E+01  6.3729341699E-03  3.1865E-03  3.1865E-03
  1.0000000000E+02  6.8214678326E-03  3.4107E-03  3.4107E-03
  1.0100000000E+02  6.9567551410E-03  3.4784E-03  3.4784E-03
  1.0200000000E+02  7.2922528733E-03  3.6461E-03  3.6461E-03
  1.0300000000E+02  8.2101050020E-03  4.1051E-03  4.1051E-03
  1.0400000000E+02  9.1576677596E-03  4.5788E-03  4.5788E-03
  1.0500000000E+02  1.0176989817E-02  5.0885E-03  5.0885E-03
  1.0600000000E+02  1.1108542239E-02  5.5543E-03  5.5543E-03
  1.0700000000E+02  1.1952325026E-02  5.9762E-03  5.9762E-03
  1.0800000000E+02  1.2640406616E-02  6.3202E-03  6.3202E-03
  1.0900000000E+02  1.3339153420E-02  6.6696E-03  6.6696E-03
  1.1000000000E+02  1.4039085339E-02  7.0195E-03  7.0195E-03
  1.1100000000E+02  1.4757533465E-02  7.3788E-03  7.3788E-03
  1.1200000000E+02  1.5587294813E-02  7.7936E-03  7.7936E-03
  1.1300000000E+02  1.6539671918E-02  8.2698E-03  8.2698E-03
  1.1400000000E+02  1.7614664780E-02  8.8073E-03  8.8073E-03
  1.1500000000E+02  1.4967464796E-02  7.4837E-03  7.4837E-03
  1.1600000000E+02  1.5161274566E-02  7.5806E-03  7.5806E-03
  1.1700000000E+02  1.5450982463E-02  7.7255E-03  7.7255E-03
  1.1800000000E+02  1.5765343719E-02  7.8827E-03  7.8827E-03
  1.1900000000E+02  1.6079796645E-02  8.0399E-03  8.0399E-03
  1.2000000000E+02  1.6394341243E-02  8.1972E-03  8.1972E-03
  1.2100000000E+02  1.6708977511E-02  8.3545E-03  8.3545E-03
  1.2200000000E+02  1.7023705450E-02  8.5119E-03  8.5119E-03
  1.2300000000E+02  1.7338525060E-02  8.6693E-03  8.6693E-03
  1.2400000000E+02  1.7653436341E-02  8.8267E-03  8.8267E-03
  1.2500000000E+02  1.7969493051E-02  8.9847E-03  8.9847E-03
  1.2600000000E+02  1.8286715950E-02  9.1434E-03  9.1434E-03
  1.2700000000E+02  1.8586890549E-02  9.2934E-03  9.2934E-03
  1.2800000000E+02  1.8889484558E-02  9.4447E-03  9.4447E-03
  1.2900000000E+02  1.9249683600E-02  9.6248E-03  9.6248E-03
  1.3000000000E+02  1.9730962369E-02  9.8655E-03  9.8655E-03
  1.3100000000E+02  2.1659152366E-02  1.0830E-02  1.0830E-02
  1.3200000000E+02  2.2035232199E-02  1.1018E-02  1.1018E-02
  1.3300000000E+02  2.2450047638E-02  1.1225E-02  1.1225E-02
  1.3400000000E+02  2.2997640554E-02  1.1499E-02  1.1499E-02
  1.3500000000E+02  2.4474639832E-02  1.2237E-02  1.2237E-02
  1.3600000000E+02  2.6632445670E-02  1.3316E-02  1.3316E-02
  1.3700000000E+02  2.8185267953E-02  1.4093E-02  1.4093E-02
  1.3800000000E+02  2.7994165049E-02  1.3997E-02  1.3997E-02
  1.3900000000E+02  2.7507222664E-02  1.3754E-02  1.3754E-02
  1.4000000000E+02  2.6694385611E-02  1.3347E-02  1.3347E-02
  1.4100000000E+02  2.6711073004E-02  1.3356E-02  1.3356E-02
  1.4200000000E+02  2.6931338487E-02  1.3466E-02  1.3466E-02
  1.4300000000E+02  2.7174587863E-02  1.3587E-02  1.3587E-02
  1.4400000000E+02  2.7413605486E-02  1.3707E-02  1.3707E-02
  1.4500000000E+02  2.7554902948E-02  1.3777E-02  1.3777E-02
  1.4600000000E+02  2.7574104392E-02  1.3787E-02  1.3787E-02
  1.4700000000E+02  2.7474564010E-02  1.3737E-02  1.3737E-02
  1.4800000000E+02  2.7256281804E-02  1.3628E-02  1.3628E-02
  1.4900000000E+02  2.7005108053E-02  1.3503E-02  1.3503E-02
  1.5000000000E+02  2.6831662720E-02  1.3416E-02  1.3416E-02
  1.5100000000E+02  2.6646260287E-02  1.3323E-02  1.3323E-02
  1.5200000000E+02  2.6446869036E-02  1.3223E-02  1.3223E-02
  1.5300000000E+02  2.6200058354E-02  1.3100E-02  1.3100E-02
  1.5400000000E+02  2.5931818029E-02  1.2966E-02  1.2966E-02
  1.5500000000E+02  2.5642148060E-02  1.2821E-02  1.2821E-02
  1.5600000000E+02  2.5379689843E-02  1.2690E-02  1.2690E-02
  1.5700000000E+02  2.6343393806E-02  1.3172E-02  1.3172E-02
  1.5800000000E+02  2.7988799656E-02  1.3994E-02  1.3994E-02
  1.5900000000E+02  2.6072973381E-02  1.3036E-02  1.3036E-02
  1.6000000000E+02  2.4173554123E-02  1.2087E-02  1.2087E-02
  1.6100000000E+02  2.1551201140E-02  1.0776E-02  1.0776E-02
  1.6200000000E+02  2.0296292123E-02  1.0148E-02  1.0148E-02
  1.6300000000E+02  1.8892502013E-02  9.4463E-03  9.4463E-03
  1.6400000000E+02  1.7750491714E-02  8.8752E-03  8.8752E-03
  1.6500000000E+02  1.6870261225E-02  8.4351E-03  8.4351E-03
  1.6600000000E+02  1.6454719505E-02  8.2274E-03  8.2274E-03
  1.6700000000E+02  1.6344757923E-02  8.1724E-03  8.1724E-03
  1.6800000000E+02  1.6248678444E-02  8.1243E-03  8.1243E-03
  1.6900000000E+02  1.6170831597E-02  8.0854E-03  8.0854E-03
  1.7000000000E+02  1.6083106315E-02  8.0416E-03  8.0416E-03
  1.7100000000E+02  1.5985502598E-02  7.9928E-03  7.9928E-03
  1.7200000000E+02  1.5878020446E-02  7.9390E-03  7.9390E-03
  1.7300000000E+02  1.5760659859E-02  7.8803E-03  7.8803E-03
  1.7400000000E+02  1.5633420838E-02  7.8167E-03  7.8167E-03
  1.7500000000E+02  1.5715520268E-02  7.8578E-03  7.8578E-03
  1.7600000000E+02  1.5650463118E-02  7.8252E-03  7.8252E-03
  1.7700000000E+02  1.5582562782E-02  7.7913E-03  7.7913E-03
  1.7800000000E+02  1.5511819261E-02  7.7559E-03  7.7559E-03
  1.7900000000E+02  1.5438232553E-02  7.7191E-03  7.7191E-03
  1.8000000000E+02  1.5361980929E-02  7.6810E-03  7.6810E-03
  1.8100000000E+02  1.5285231235E-02  7.6426E-03  7.6426E-03
  1.8200000000E+02  1.5208622237E-02  7.6043E-03  7.6043E-03
  1.8300000000E+02  1.5132153934E-02  7.5661E-03  7.5661E-03
  1.8400000000E+02  1.5057028113E-02  7.5285E-03  7.5285E-03
  1.8500000000E+02  1.4985094536E-02  7.4925E-03  7.4925E-03
  1.8600000000E+02  1.4916373680E-02  7.4582E-03  7.4582E-03
  1.8700000000E+02  1.4850865546E-02  7.4254E-03  7.4254E-03
  1.8800000000E+02  1.4788570134E-02  7.3943E-03  7.3943E-03
  1.8900000000E+02  1.4627925903E-02  7.3140E-03  7.3140E-03
  1.9000000000E+02  1.4732678699E-02  7.3663E-03  7.3663E-03
  1.9100000000E+02  1.6064206468E-02  8.0321E-03  8.0321E-03
  1.9200000000E+02  1.7506849527E-02  8.7534E-03  8.7534E-03
  1.9300000000E+02  1.8993330817E-02  9.4967E-03  9.4967E-03
  1.9400000000E+02  2.0851036025E-02  1.0426E-02  1.0426E-02
  1.9500000000E+02  2.3218846987E-02  1.1609E-02  1.1609E-02
  1.9600000000E+02  2.2319236741E-02  1.1160E-02  1.1160E-02
  1.9700000000E+02  1.9181276889E-02  9.5906E-03  9.5906E-03
  1.9800000000E+02  1.6955425039E-02  8.4777E-03  8.4777E-03
  1.9900000000E+02  1.4742543028E-02  7.3713E-03  7.3713E-03
  2.0000000000E+02  1.2542630853E-02  6.2713E-03  6.2713E-03
  2.0100000000E+02  1.0355688517E-02  5.1778E-03  5.1778E-03
  2.0200000000E+02  8.1817160182E-03  4.0909E-03  4.0909E-03
  2.0300000000E+02  6.0207133570E-03  3.0104E-03  3.0104E-03
  2.0400000000E+02  3.8717220129E-03  1.9359E-03  1.9359E-03
  2.0500000000E+02  3.1179190345E-03  1.5590E-03  1.5590E-03
  2.0600000000E+02  2.4933642015E-03  1.2467E-03  1.2467E-03
  2.0700000000E+02  1.9980575139E-03  9.9903E-04  9.9903E-04
  2.0800000000E+02  1.6319989716E-03  8.1600E-04  8.1600E-04
  2.0900000000E+02  1.3951885748E-03  6.9759E-04  6.9759E-04
  2.1000000000E+02  1.2876263234E-03  6.4381E-04  6.4381E-04
  2.1100000000E+02  1.2928093610E-03  6.4640E-04  6.4640E-04
  2.1200000000E+02  1.3141115200E-03  6.5706E-04  6.5706E-04
  2.1300000000E+02  1.3358264329E-03  6.6791E-04  6.6791E-04
  2.1400000000E+02  1.3579540997E-03  6.7898E-04  6.7898E-04
  2.1500000000E+02  1.3804945204E-03  6.9025E-04  6.9025E-04
  2.1600000000E+02  1.4034476950E-03  7.0172E-04  7.0172E-04
  2.1700000000E+02  1.4268136234E-03  7.1341E-04  7.1341E-04
  2.1800000000E+02  1.4505923058E-03  7.2530E-04  7.2530E-04
  2.1900000000E+02  1.4747837421E-03  7.3739E-04  7.3739E-04
  2.2000000000E+02  1.4993879323E-03  7.4969E-04  7.4969E-04
  2.2100000000E+02  1.5244048763E-03  7.6220E-04  7.6220E-04
  2.2200000000E+02  1.5498337932E-03  7.7492E-04  7.7492E-04
  2.2300000000E+02  1.5756206673E-03  7.8781E-04  7.8781E-04
  2.2400000000E+02  1.6017325553E-03  8.0087E-04  8.0087E-04
  2.2500000000E+02  1.6281694570E-03  8.1408E-04  8.1408E-04
  2.2600000000E+02  1.6549313725E-03  8.2747E-04  8.2747E-04
  2.2700000000E+02  1.6820183019E-03  8.4101E-04  8.4101E-04
  2.2800000000E+02  1.7094302450E-03  8.5472E-04  8.5472E-04
  2.2900000000E+02  1.7371672019E-03  8.6858E-04  8.6858E-04
  2.3000000000E+02  1.7652291727E-03  8.8261E-04  8.8261E-04
  2.3100000000E+02  1.7936161572E-03  8.9681E-04  8.9681E-04
  2.3200000000E+02  1.8223281556E-03  9.1116E-04  9.1116E-04
  2.3300000000E+02  1.8513651677E-03  9.2568E-04  9.2568E-04
  2.3400000000E+02  1.8801629070E-03  9.4008E-04  9.4008E-04
  2.3500000000E+02  1.9059929797E-03  9.5300E-04  9.5300E-04
  2.3600000000E+02  1.9285056524E-03  9.6425E-04  9.6425E-04
  2.3700000000E+02  1.9477009251E-03  9.7385E-04  9.7385E-04
  2.3800000000E+02  1.9635787978E-03  9.8179E-04  9.8179E-04
  2.3900000000E+02  1.9761392705E-03  9.8807E-04  9.8807E-04
  2.4000000000E+02  2.0064636879E-03  1.0032E-03  1.0032E-03
  2.4100000000E+02  2.0408167123E-03  1.0204E-03  1.0204E-03
  2.4200000000E+02  2.0755006263E-03  1.0378E-03  1.0378E-03
  2.4300000000E+02  2.1105154298E-03  1.0553E-03  1.0553E-03
  2.4400000000E+02  2.1458611230E-03  1.0729E-03  1.0729E-03
  2.4500000000E+02  2.1815377057E-03  1.0908E-03  1.0908E-03
  2.4600000000E+02  2.2175451780E-03  1.1088E-03  1.1088E-03
  2.4700000000E+02  2.2538835399E-03  1.1269E-03  1.1269E-03
  2.4800000000E+02  2.2905527914E-03  1.1453E-03  1.1453E-03
  2.4900000000E+02  2.3275529325E-03  1.1638E-03  1.1638E-03
  2.5000000000E+02  2.3648839631E-03  1.1824E-03  1.1824E-03
  2.5100000000E+02  2.4025458834E-03  1.2013E-03  1.2013E-03
  2.5200000000E+02  2.4405386932E-03  1.2203E-03  1.2203E-03
  2.5300000000E+02  2.4788623926E-03  1.2394E-03  1.2394E-03
  2.5400000000E+02  2.5175169816E-03  1.2588E-03  1.2588E-03
  2.5500000000E+02  2.5565024601E-03  1.2783E-03  1.2783E-03
  2.5600000000E+02  2.5958188283E-03  1.2979E-03  1.2979E-03
  2.5700000000E+02  2.6354660860E-03  1.3177E-03  1.3177E-03
  2.5800000000E+02  2.6754442333E-03  1.3377E-03  1.3377E-03
  2.5900000000E+02  2.7157532702E-03  1.3579E-03  1.3579E-03
  2.6000000000E+02  2.7563931967E-03  1.3782E-03  1.3782E-03
  2.6100000000E+02  2.7973640127E-03  1.3987E-03  1.3987E-03
  2.6200000000E+02  2.8386657184E-03  1.4193E-03  1.4193E-03
  2.6300000000E+02  2.8802983136E-03  1.4401E-03  1.4401E-03
  2.6400000000E+02  2.9222617984E-03  1.4611E-03  1.4611E-03
  2.6500000000E+02  2.9645561728E-03  1.4823E-03  1.4823E-03
  2.6600000000E+02  3.0071814368E-03  1.5036E-03  1.5036E-03
  2.6700000000E+02  3.0501375904E-03  1.5251E-03  1.5251E-03
  2.6800000000E+02  3.1067542657E-03  1.5534E-03  1.5534E-03
  2.6900000000E+02  3.2406724514E-03  1.6203E-03  1.6203E-03
  2.7000000000E+02  3.3076832693E-03  1.6538E-03  1.6538E-03
  2.7100000000E+02  3.3742291384E-03  1.6871E-03  1.6871E-03
  2.7200000000E+02  3.4403100588E-03  1.7202E-03  1.7202E-03
  2.7300000000E+02  3.5059260304E-03  1.7530E-03  1.7530E-03
  2.7400000000E+02  3.5710770533E-03  1.7855E-03  1.7855E-03
  2.7500000000E+02  3.6357631274E-03  1.8179E-03  1.8179E-03
  2.7600000000E+02  3.6999842528E-03  1.8500E-03  1.8500E-03
  2.7700000000E+02  3.7637404294E-03  1.8819E-03  1.8819E-03
  2.7800000000E+02  3.8270316573E-03  1.9135E-03  1.9135E-03
  2.7900000000E+02  3.8898579364E-03  1.9449E-03  1.9449E-03
  2.8000000000E+02  3.9522192668E-03  1.9761E-03  1.9761E-03
  2.8100000000E+02  4.0141156484E-03  2.0071E-03  2.0071E-03
  2.8200000000E+02  4.0755470813E-03  2.0378E-03  2.0378E-03
  2.8300000000E+02  4.1365135654E-03  2.0683E-03  2.0683E-03
  2.8400000000E+02  4.1970151008E-03  2.0985E-03  2.0985E-03
  2.8500000000E+02  4.2570516874E-03  2.1285E-03  2.1285E-03
  2.8600000000E+02  4.3201689979E-03  2.1601E-03  2.1601E-03
  2.8700000000E+02  4.3895394277E-03  2.1948E-03  2.1948E-03
  2.8800000000E+02  4.4621505108E-03  2.2311E-03  2.2311E-03
  2.8900000000E+02  4.5380022471E-03  2.2690E-03  2.2690E-03
  2.9000000000E+02  4.6170946366E-03  2.3085E-03  2.3085E-03
  2.9100000000E+02  4.6994276795E-03  2.3497E-03  2.3497E-03
  2.9200000000E+02  4.7850013755E-03  2.3925E-03  2.3925E-03
  2.9300000000E+02  4.8738157249E-03  2.4369E-03  2.4369E-03
  2.9400000000E+02  4.9658707275E-03  2.4829E-03  2.4829E-03
  2.9500000000E+02  5.0611663833E-03  2.5306E-03  2.5306E-03
  2.9600000000E+02  5.1597026924E-03  2.5799E-03  2.5799E-03
  2.9700000000E+02  5.2614796547E-03  2.6307E-03  2.6307E-03
  2.9800000000E+02  5.3664972703E-03  2.6832E-03  2.6832E-03
  2.9900000000E+02  5.4747711533E-03  2.7374E-03  2.7374E-03
  3.0000000000E+02  5.5864677005E-03  2.7932E-03  2.7932E-03
  3.0100000000E+02  5.7016317990E-03  2.8508E-03  2.8508E-03
  3.0200000000E+02  5.8202634489E-03  2.9101E-03  2.9101E-03
  3.0300000000E+02  5.9424383460E-03  2.9712E-03  2.9712E-03
  3.0400000000E+02  6.0687885844E-03  3.0344E-03  3.0344E-03
  3.0500000000E+02  6.1990479776E-03  3.0995E-03  3.0995E-03
  3.0600000000E+02  6.3332165255E-03  3.1666E-03  3.1666E-03
  3.0700000000E+02  6.4712942281E-03  3.2356E-03  3.2356E-03
  3.0800000000E+02  6.6140804022E-03  3.3070E-03  3.3070E-03
  3.0900000000E+02  6.7678637715E-03  3.3839E-03  3.3839E-03
  3.1000000000E+02  6.9433135586E-03  3.4717E-03  3.4717E-03
  3.1100000000E+02  7.1486626917E-03  3.5743E-03  3.5743E-03
  3.1200000000E+02  7.3839111708E-03  3.6920E-03  3.6920E-03
  3.1300000000E+02  7.6490111104E-03  3.8245E-03  3.8245E-03
  3.1400000000E+02  7.9425872831E-03  3.9713E-03  3.9713E-03
  3.1500000000E+02  8.2078327098E-03  4.1039E-03  4.1039E-03
  3.1600000000E+02  8.4138662232E-03  4.2069E-03  4.2069E-03
  3.1700000000E+02  8.5606878234E-03  4.2803E-03  4.2803E-03
  3.1800000000E+02  8.8150410803E-03  4.4075E-03  4.4075E-03
  3.1900000000E+02  9.1119392923E-03  4.5560E-03  4.5560E-03
  3.2000000000E+02  9.4250297280E-03  4.7125E-03  4.7125E-03
  3.2100000000E+02  9.7543123874E-03  4.8772E-03  4.8772E-03
  3.2200000000E+02  1.0099787270E-02  5.0499E-03  5.0499E-03
  3.2300000000E+02  1.0461454377E-02  5.2307E-03  5.2307E-03
  3.2400000000E+02  1.0839313707E-02  5.4197E-03  5.4197E-03
  3.2500000000E+02  1.1233365261E-02  5.6167E-03  5.6167E-03
  3.2600000000E+02  1.1643609039E-02  5.8218E-03  5.8218E-03
  3.2700000000E+02  1.2090327829E-02  6.0452E-03  6.0452E-03
  3.2800000000E+02  1.2691480279E-02  6.3457E-03  6.3457E-03
  3.2900000000E+02  1.3315906335E-02  6.6580E-03  6.6580E-03
  3.3000000000E+02  1.3963605997E-02  6.9818E-03  6.9818E-03
  3.3100000000E+02  1.4634579264E-02  7.3173E-03  7.3173E-03
  3.3200000000E+02  1.5328826137E-02  7.6644E-03  7.6644E-03
  3.3300000000E+02  1.6046346615E-02  8.0232E-03  8.0232E-03
  3.3400000000E+02  1.7844026627E-02  8.9220E-03  8.9220E-03
  3.3500000000E+02  1.7327139626E-02  8.6636E-03  8.6636E-03
  3.3600000000E+02  1.7294076682E-02  8.6470E-03  8.6470E-03
  3.3700000000E+02  1.7744837796E-02  8.8724E-03  8.8724E-03
  3.3800000000E+02  1.6674609251E-02  8.3373E-03  8.3373E-03
  3.3900000000E+02  1.5784357350E-02  7.8922E-03  7.8922E-03
  3.4000000000E+02  1.5012329148E-02  7.5062E-03  7.5062E-03
  3.4100000000E+02  1.4358524645E-02  7.1793E-03  7.1793E-03
  3.4200000000E+02  1.3822943839E-02  6.9115E-03  6.9115E-03
  3.4300000000E+02  1.3280041799E-02  6.6400E-03  6.6400E-03
  3.4400000000E+02  1.2511780218E-02  6.2559E-03  6.2559E-03
  3.4500000000E+02  1.1518844414E-02  5.7594E-03  5.7594E-03
  3.4600000000E+02  1.0411435428E-02  5.2057E-03  5.2057E-03
  3.4700000000E+02  9.9512939029E-03  4.9756E-03  4.9756E-03
  3.4800000000E+02  9.5129583931E-03  4.7565E-03  4.7565E-03
  3.4900000000E+02  9.0964288982E-03  4.5482E-03  4.5482E-03
  3.5000000000E+02  8.7017054182E-03  4.3509E-03  4.3509E-03
  3.5100000000E+02  8.3287879532E-03  4.1644E-03  4.1644E-03
  3.5200000000E+02  7.9776765030E-03  3.9888E-03  3.9888E-03
  3.5300000000E+02  7.6483710678E-03  3.8242E-03  3.8242E-03
  3.5400000000E+02  7.3408716474E-03  3.6704E-03  3.6704E-03
  3.5500000000E+02  7.0253212067E-03  3.5127E-03  3.5127E-03
  3.5600000000E+02  6.7031294919E-03  3.3516E-03  3.3516E-03
  3.5700000000E+02  6.3859295966E-03  3.1930E-03  3.1930E-03
  3.5800000000E+02  6.0737215207E-03  3.0369E-03  3.0369E-03
  3.5900000000E+02  5.7665052644E-03  2.8833E-03  2.8833E-03
  3.6000000000E+02  5.4642808276E-03  2.7321E-03  2.7321E-03
  3.6100000000E+02  6.2219118058E-03  3.1110E-03  3.1110E-03
  3.6200000000E+02  4.4541984077E-03  2.2271E-03  2.2271E-03
  3.6300000000E+02  3.8239693433E-03  1.9120E-03  1.9120E-03
  3.6400000000E+02  3.6395137376E-03  1.8198E-03  1.8198E-03
  3.6500000000E+02  3.4556753893E-03  1.7278E-03  1.7278E-03
  3.6600000000E+02  3.2724542981E-03  1.6362E-03  1.6362E-03
  3.6700000000E+02  3.0898504643E-03  1.5449E-03  1.5449E-03
  3.6800000000E+02  2.7307281745E-03  1.3654E-03  1.3654E-03
  3.6900000000E+02  2.3011486580E-03  1.1506E-03  1.1506E-03
  3.7000000000E+02  1.8090346512E-03  9.0452E-04  9.0452E-04
  3.7100000000E+02  1.7635882579E-03  8.8179E-04  8.8179E-04
  3.7200000000E+02  1.7171075476E-03  8.5855E-04  8.5855E-04
  3.7300000000E+02  1.6695925204E-03  8.3480E-04  8.3480E-04
  3.7400000000E+02  1.6210431762E-03  8.1052E-04  8.1052E-04
  3.7500000000E+02  1.5714595150E-03  7.8573E-04  7.8573E-04
  3.7600000000E+02  1.5208415368E-03  7.6042E-04  7.6042E-04
  3.7700000000E+02  1.4691892417E-03  7.3459E-04  7.3459E-04
  3.7800000000E+02  1.5983527278E-03  7.9918E-04  7.9918E-04
  3.7900000000E+02  4.2438229396E-03  2.1219E-03  2.1219E-03
  3.8000000000E+02  5.4244820418E-03  2.7122E-03  2.7122E-03
  3.8100000000E+02  6.0906388424E-03  3.0453E-03  3.0453E-03
  3.8200000000E+02  6.5215010215E-03  3.2608E-03  3.2608E-03
  3.8300000000E+02  6.7304910508E-03  3.3652E-03  3.3652E-03
  3.8400000000E+02  6.9023075541E-03  3.4512E-03  3.4512E-03
  3.8500000000E+02  7.0958028982E-03  3.5479E-03  3.5479E-03
  3.8600000000E+02  7.3109770832E-03  3.6555E-03  3.6555E-03
  3.8700000000E+02  7.5423292350E-03  3.7712E-03  3.7712E-03
  3.8800000000E+02  7.6218770998E-03  3.8109E-03  3.8109E-03
  3.8900000000E+02  7.8820069844E-03  3.9410E-03  3.9410E-03
  3.9000000000E+02  8.1293165547E-03  4.0647E-03  4.0647E-03
  3.9100000000E+02  8.3638058107E-03  4.1819E-03  4.1819E-03
  3.9200000000E+02  8.5854747525E-03  4.2927E-03  4.2927E-03
  3.9300000000E+02  8.7943233801E-03  4.3972E-03  4.3972E-03
  3.9400000000E+02  8.9903516934E-03  4.4952E-03  4.4952E-03
  3.9500000000E+02  9.1735596924E-03  4.5868E-03  4.5868E-03
  3.9600000000E+02  9.3439473773E-03  4.6720E-03  4.6720E-03
  3.9700000000E+02  9.5015147478E-03  4.7508E-03  4.7508E-03
  3.9800000000E+02  9.6462618041E-03  4.8231E-03  4.8231E-03
  3.9900000000E+02  9.7781885462E-03  4.8891E-03  4.8891E-03
  4.0000000000E+02  9.8972949740E-03  4.9486E-03  4.9486E-03
  4.0100000000E+02  1.0003581088E-02  5.0018E-03  5.0018E-03
  4.0200000000E+02  1.0097046887E-02  5.0485E-03  5.0485E-03
  4.0300000000E+02  1.0177692372E-02  5.0888E-03  5.0888E-03
  4.0400000000E+02  1.0248060834E-02  5.1240E-03  5.1240E-03
  4.0500000000E+02  1.0659428072E-02  5.3297E-03  5.3297E-03
  4.0600000000E+02  1.1221513075E-02  5.6108E-03  5.6108E-03
  4.0700000000E+02  1.1676011083E-02  5.8380E-03  5.8380E-03
  4.0800000000E+02  1.2140470024E-02  6.0702E-03  6.0702E-03
  4.0900000000E+02  1.2614889900E-02  6.3074E-03  6.3074E-03
  4.1000000000E+02  1.3099270709E-02  6.5496E-03  6.5496E-03
  4.1100000000E+02  1.3593612452E-02  6.7968E-03  6.7968E-03
  4.1200000000E+02  1.3768627158E-02  6.8843E-03  6.8843E-03
  4.1300000000E+02  1.4801245979E-02  7.4006E-03  7.4006E-03
  4.1400000000E+02  1.6088596066E-02  8.0443E-03  8.0443E-03
  4.1500000000E+02  1.2792381151E-02  6.3962E-03  6.3962E-03
  4.1600000000E+02  1.2282578024E-02  6.1413E-03  6.1413E-03
  4.1700000000E+02  1.1899358540E-02  5.9497E-03  5.9497E-03
  4.1800000000E+02  1.1642722699E-02  5.8214E-03  5.8214E-03
  4.1900000000E+02  1.1459250103E-02  5.7296E-03  5.7296E-03
  4.2000000000E+02  1.1379861445E-02  5.6899E-03  5.6899E-03
  4.2100000000E+02  1.1296426499E-02  5.6482E-03  5.6482E-03
  4.2200000000E+02  1.1208945266E-02  5.6045E-03  5.6045E-03
  4.2300000000E+02  1.1117417745E-02  5.5587E-03  5.5587E-03
  4.2400000000E+02  1.1021843937E-02  5.5109E-03  5.5109E-03
  4.2500000000E+02  1.0922223841E-02  5.4611E-03  5.4611E-03
  4.2600000000E+02  1.0818557458E-02  5.4093E-03  5.4093E-03
  4.2700000000E+02  1.0710844788E-02  5.3554E-03  5.3554E-03
  4.2800000000E+02  1.0599085830E-02  5.2995E-03  5.2995E-03
  4.2900000000E+02  1.0483280585E-02  5.2416E-03  5.2416E-03
  4.3000000000E+02  1.0363429052E-02  5.1817E-03  5.1817E-03
  4.3100000000E+02  1.0239531232E-02  5.1198E-03  5.1198E-03
  4.3200000000E+02  1.0111587125E-02  5.0558E-03  5.0558E-03
  4.3300000000E+02  9.9795967300E-03  4.9898E-03  4.9898E-03
  4.3400000000E+02  9.8435600477E-03  4.9218E-03  4.9218E-03
  4.3500000000E+02  9.7104079047E-03  4.8552E-03  4.8552E-03
  4.3600000000E+02  9.6232684700E-03  4.8116E-03  4.8116E-03
  4.3700000000E+02  9.4798370541E-03  4.7399E-03  4.7399E-03
  4.3800000000E+02  9.2801136572E-03  4.6401E-03  4.6401E-03
  4.3900000000E+02  9.0240982792E-03  4.5120E-03  4.5120E-03
  4.4000000000E+02  8.7316442070E-03  4.3658E-03  4.3658E-03
  4.4100000000E+02  8.5689110642E-03  4.2845E-03  4.2845E-03
  4.4200000000E+02  8.4356172320E-03  4.2178E-03  4.2178E-03
  4.4300000000E+02  8.3213661420E-03  4.1607E-03  4.1607E-03
  4.4400000000E+02  8.2572917263E-03  4.1286E-03  4.1286E-03
  4.4500000000E+02  8.2432642233E-03  4.1216E-03  4.1216E-03
  4.4600000000E+02  8.2792836330E-03  4.1396E-03  4.1396E-03
  4.4700000000E+02  8.3653499555E-03  4.1827E-03  4.1827E-03
  4.4800000000E+02  8.5014631908E-03  4.2507E-03  4.2507E-03
  4.4900000000E+02  8.4995222939E-03  4.2498E-03  4.2498E-03
  4.5000000000E+02  8.4624677468E-03  4.2312E-03  4.2312E-03
  4.5100000000E+02  8.1115474067E-03  4.0558E-03  4.0558E-03
  4.5200000000E+02  7.3918647950E-03  3.6959E-03  3.6959E-03
  4.5300000000E+02  7.2822386020E-03  3.6411E-03  3.6411E-03
  4.5400000000E+02  7.1734230836E-03  3.5867E-03  3.5867E-03
  4.5500000000E+02  7.0654182400E-03  3.5327E-03  3.5327E-03
  4.5600000000E+02  6.9582240711E-03  3.4791E-03  3.4791E-03
  4.5700000000E+02  6.8518405768E-03  3.4259E-03  3.4259E-03
  4.5800000000E+02  6.7462677572E-03  3.3731E-03  3.3731E-03
  4.5900000000E+02  6.6415056123E-03  3.3208E-03  3.3208E-03
  4.6000000000E+02  6.5375541421E-03  3.2688E-03  3.2688E-03
  4.6100000000E+02  6.4344133466E-03  3.2172E-03  3.2172E-03
  4.6200000000E+02  6.3320832258E-03  3.1660E-03  3.1660E-03
  4.6300000000E+02  6.2305637796E-03  3.1153E-03  3.1153E-03
  4.6400000000E+02  6.1298550082E-03  3.0649E-03  3.0649E-03
  4.6500000000E+02  6.0299569114E-03  3.0150E-03  3.0150E-03
  4.6600000000E+02  5.9308694893E-03  2.9654E-03  2.9654E-03
  4.6700000000E+02  5.8325927419E-03  2.9163E-03  2.9163E-03
  4.6800000000E+02  5.7351266692E-03  2.8676E-03  2.8676E-03
  4.6900000000E+02  5.6384712712E-03  2.8192E-03  2.8192E-03
  4.7000000000E+02  5.5426265478E-03  2.7713E-03  2.7713E-03
  4.7100000000E+02  5.4484408562E-03  2.7242E-03  2.7242E-03
  4.7200000000E+02  5.3649218771E-03  2.6825E-03  2.6825E-03
  4.7300000000E+02  2.3025272448E-02  1.1513E-02  1.1513E-02
  4.7400000000E+02  3.3917802996E-02  1.6959E-02  1.6959E-02
  4.7500000000E+02  4.7657215535E-02  2.3829E-02  2.3829E-02
  4.7600000000E+02  5.7531450759E-02  2.8766E-02  2.8766E-02
  4.7700000000E+02  7.0771222149E-02  3.5386E-02  3.5386E-02
  4.7800000000E+02  8.0780633358E-02  4.0390E-02  4.0390E-02
  4.7900000000E+02  6.5538309274E-02  3.2769E-02  3.2769E-02
  4.8000000000E+02  6.3121515383E-02  3.1561E-02  3.1561E-02
  4.8100000000E+02  6.1475520423E-02  3.0738E-02  3.0738E-02
  4.8200000000E+02  5.8864789097E-02  2.9432E-02  2.9432E-02
  4.8300000000E+02  5.7145757043E-02  2.8573E-02  2.8573E-02
  4.8400000000E+02  6.1868260617E-02  3.0934E-02  3.0934E-02
  4.8500000000E+02  6.5866564012E-02  3.2933E-02  3.2933E-02
  4.8600000000E+02  6.6101674846E-02  3.3051E-02  3.3051E-02
  4.8700000000E+02  6.5803953100E-02  3.2902E-02  3.2902E-02
  4.8800000000E+02  6.5275132782E-02  3.2638E-02  3.2638E-02
  4.8900000000E+02  6.5351617092E-02  3.2676E-02  3.2676E-02
  4.9000000000E+02  6.5708213237E-02  3.2854E-02  3.2854E-02
  4.9100000000E+02  6.6709843664E-02  3.3355E-02  3.3355E-02
  4.9200000000E+02  6.7743954823E-02  3.3872E-02  3.3872E-02
  4.9300000000E+02  7.1283583298E-02  3.5642E-02  3.5642E-02
  4.9400000000E+02  7.4984779442E-02  3.7492E-02  3.7492E-02
  4.9500000000E+02  8.2880111642E-02  4.1440E-02  4.1440E-02
  4.9600000000E+02  8.5608516897E-02  4.2804E-02  4.2804E-02
  4.9700000000E+02  9.0239376432E-02  4.5120E-02  4.5120E-02
  4.9800000000E+02  8.8239756544E-02  4.4120E-02  4.4120E-02
  4.9900000000E+02  9.0512668073E-02  4.5256E-02  4.5256E-02
  5.0000000000E+02  6.9869079605E-02  3.4935E-02  3.4935E-02
  5.0100000000E+02  4.4013259241E-02  2.2007E-02  2.2007E-02
  5.0200000000E+02  2.6353666860E-02  1.3177E-02  1.3177E-02
  5.0300000000E+02  2.4093098053E-02  1.2047E-02  1.2047E-02
  5.0400000000E+02  2.1998191645E-02  1.0999E-02  1.0999E-02
  5.0500000000E+02  2.0024309345E-02  1.0012E-02  1.0012E-02
  5.0600000000E+02  1.8171451154E-02  9.0857E-03  9.0857E-03
  5.0700000000E+02  1.6440718222E-02  8.2204E-03  8.2204E-03
  5.0800000000E+02  1.4884104184E-02  7.4421E-03  7.4421E-03
  5.0900000000E+02  1.3684050435E-02  6.8420E-03  6.8420E-03
  5.1000000000E+02  1.2904353885E-02  6.4522E-03  6.4522E-03
  5.1100000000E+02  1.3048520237E-02  6.5243E-03  6.5243E-03
  5.1200000000E+02  1.0303610865E-02  5.1518E-03  5.1518E-03
  5.1300000000E+02  9.2916767358E-03  4.6458E-03  4.6458E-03
  5.1400000000E+02  8.5614791925E-03  4.2807E-03  4.2807E-03
  5.1500000000E+02  8.0514665537E-03  4.0257E-03  4.0257E-03
  5.1600000000E+02  7.1444266489E-03  3.5722E-03  3.5722E-03
  5.1700000000E+02  5.8403594783E-03  2.9202E-03  2.9202E-03
  5.1800000000E+02  4.2297661571E-03  2.1149E-03  2.1149E-03
  5.1900000000E+02  4.0740765248E-03  2.0370E-03  2.0370E-03
  5.2000000000E+02  1.6323576640E-03  8.1618E-04  8.1618E-04
  5.2100000000E+02  5.7890777566E-04  2.8945E-04  2.8945E-04
  5.2200000000E+02  1.3964594902E-04  6.9823E-05  6.9823E-05
  5.2300000000E+02  0.0000000000E+00  0.0000E+00  0.0000E+00
