 # Frequency[cm^-1] DOS PDOS
  0.0000000000E+00  0.0000000000E+00  0.0000E+00  0.0000E+00
  1.0000000000E+00  2.1054126228E-06  1.0527E-06  1.0527E-06
  2.0000000000E+00  8.4217012851E-06  4.2109E-06  4.2109E-06
  3.0000000000E+00  1.8948865987E-05  9.4744E-06  9.4744E-06
  4.0000000000E+00  3.3686906729E-05  1.6843E-05  1.6843E-05
  5.0000000000E+00  5.2635823511E-05  2.6318E-05  2.6318E-05
  6.0000000000E+00  7.5795616332E-05  3.7898E-05  3.7898E-05
  7.0000000000E+00  1.0316628519E-04  5.1583E-05  5.1583E-05
  8.0000000000E+00  1.3474783009E-04  6.7374E-05  6.7374E-05
  9.0000000000E+00  1.7054025103E-04  8.5270E-05  8.5270E-05
  1.0000000000E+01  2.1054354801E-04  1.0527E-04  1.0527E-04
  1.1000000000E+01  2.5475772103E-04  1.2738E-04  1.2738E-04
  1.2000000000E+01  3.0318277009E-04  1.5159E-04  1.5159E-04
  1.3000000000E+01  3.5581869519E-04  1.7791E-04  1.7791E-04
  1.4000000000E+01  4.1266549633E-04  2.0633E-04  2.0633E-04
  1.5000000000E+01  4.7372317351E-04  2.3686E-04  2.3686E-04
  1.6000000000E+01  5.3899172673E-04  2.6950E-04  2.6950E-04
  1.7000000000E+01  6.0847115599E-04  3.0424E-04  3.0424E-04
  1.8000000000E+01  6.8216146129E-04  3.4108E-04  3.4108E-04
  1.9000000000E+01  7.6006264263E-04  3.8003E-04  3.8003E-04
  2.0000000000E+01  8.4217470000E-04  4.2109E-04  4.2109E-04
  2.1000000000E+01  9.2849763342E-04  4.6425E-04  4.6425E-04
  2.2000000000E+01  1.0190314429E-03  5.0952E-04  5.0952E-04
  2.3000000000E+01  1.1137761284E-03  5.5689E-04  5.5689E-04
  2.4000000000E+01  1.2127316899E-03  6.0637E-04  6.0637E-04
  2.5000000000E+01  1.3158981275E-03  6.5795E-04  6.5795E-04
  2.6000000000E+01  1.4232754411E-03  7.1164E-04  7.1164E-04
  2.7000000000E+01  1.5348636308E-03  7.6743E-04  7.6743E-04
  2.8000000000E+01  1.6506626965E-03  8.2533E-04  8.2533E-04
  2.9000000000E+01  1.7706726382E-03  8.8534E-04  8.8534E-04
  3.0000000000E+01  1.8948934560E-03  9.4745E-04  9.4745E-04
  3.1000000000E+01  2.0233251498E-03  1.0117E-03  1.0117E-03
  3.2000000000E+01  2.1559677196E-03  1.0780E-03  1.0780E-03
  3.3000000000E+01  2.2928211655E-03  1.1464E-03  1.1464E-03
  3.4000000000E+01  2.4338854875E-03  1.2169E-03  1.2169E-03
  3.5000000000E+01  2.5791606854E-03  1.2896E-03  1.2896E-03
  3.6000000000E+01  2.7286467594E-03  1.3643E-03  1.3643E-03
  3.7000000000E+01  2.8823437095E-03  1.4412E-03  1.4412E-03
  3.8000000000E+01  3.0402515356E-03  1.5201E-03  1.5201E-03
  3.9000000000E+01  3.2023702377E-03  1.6012E-03  1.6012E-03
  4.0000000000E+01  3.3686998159E-03  1.6844E-03  1.6843E-03
  4.1000000000E+01  3.5392402701E-03  1.7696E-03  1.7696E-03
  4.2000000000E+01  3.7139916004E-03  1.8570E-03  1.8570E-03
  4.3000000000E+01  3.8929538067E-03  1.9465E-03  1.9465E-03
  4.4000000000E+01  4.0761268890E-03  2.0381E-03  2.0381E-03
  4.5000000000E+01  4.2635108474E-03  2.1318E-03  2.1318E-03
  4.6000000000E+01  4.4551056818E-03  2.2276E-03  2.2275E-03
  4.7000000000E+01  4.6509113922E-03  2.3255E-03  2.3255E-03
  4.8000000000E+01  4.8509279787E-03  2.4255E-03  2.4255E-03
  4.9000000000E+01  5.0551554412E-03  2.5276E-03  2.5276E-03
  5.0000000000E+01  5.2635937798E-03  2.6318E-03  2.6318E-03
  5.1000000000E+01  5.4762429944E-03  2.7381E-03  2.7381E-03
  5.2000000000E+01  5.6931030851E-03  2.8466E-03  2.8465E-03
  5.3000000000E+01  5.9141740518E-03  2.9571E-03  2.9571E-03
  5.4000000000E+01  6.1394558945E-03  3.0697E-03  3.0697E-03
  5.5000000000E+01  6.3689486133E-03  3.1845E-03  3.1845E-03
  5.6000000000E+01  6.6026522081E-03  3.3013E-03  3.3013E-03
  5.7000000000E+01  6.8405666789E-03  3.4203E-03  3.4203E-03
  5.8000000000E+01  7.0826920258E-03  3.5414E-03  3.5413E-03
  5.9000000000E+01  7.3290282487E-03  3.6645E-03  3.6645E-03
  6.0000000000E+01  7.5795753477E-03  3.7898E-03  3.7898E-03
  6.1000000000E+01  7.8343333227E-03  3.9172E-03  3.9172E-03
  6.2000000000E+01  8.0933021737E-03  4.0467E-03  4.0466E-03
  6.3000000000E+01  8.3564819008E-03  4.1782E-03  4.1782E-03
  6.4000000000E+01  8.6238725040E-03  4.3119E-03  4.3119E-03
  6.5000000000E+01  8.8954739831E-03  4.4477E-03  4.4477E-03
  6.6000000000E+01  9.1712863383E-03  4.5857E-03  4.5856E-03
  6.7000000000E+01  9.4513095696E-03  4.7257E-03  4.7256E-03
  6.8000000000E+01  9.7355436769E-03  4.8678E-03  4.8678E-03
  6.9000000000E+01  1.0023988660E-02  5.0120E-03  5.0120E-03
  7.0000000000E+01  1.0316644520E-02  5.1583E-03  5.1583E-03
  7.1000000000E+01  1.0613511255E-02  5.3068E-03  5.3067E-03
  7.2000000000E+01  1.0914588866E-02  5.4573E-03  5.4573E-03
  7.3000000000E+01  1.1219877354E-02  5.6100E-03  5.6099E-03
  7.4000000000E+01  1.1529376717E-02  5.7647E-03  5.7647E-03
  7.5000000000E+01  1.1843086957E-02  5.9216E-03  5.9215E-03
  7.6000000000E+01  1.2161008073E-02  6.0805E-03  6.0805E-03
  7.7000000000E+01  1.2483140064E-02  6.2416E-03  6.2416E-03
  7.8000000000E+01  1.2809482932E-02  6.4048E-03  6.4047E-03
  7.9000000000E+01  1.3140036676E-02  6.5700E-03  6.5700E-03
  8.0000000000E+01  1.3474801295E-02  6.7374E-03  6.7374E-03
  8.1000000000E+01  1.3813776791E-02  6.9069E-03  6.9069E-03
  8.2000000000E+01  1.4156963163E-02  7.0785E-03  7.0785E-03
  8.3000000000E+01  1.4504360411E-02  7.2522E-03  7.2522E-03
  8.4000000000E+01  1.4855968535E-02  7.4280E-03  7.4280E-03
  8.5000000000E+01  1.5211787535E-02  7.6059E-03  7.6059E-03
  8.6000000000E+01  1.5571817411E-02  7.7859E-03  7.7859E-03
  8.7000000000E+01  1.5936058163E-02  7.9680E-03  7.9680E-03
  8.8000000000E+01  1.6304509791E-02  8.1523E-03  8.1522E-03
  8.9000000000E+01  1.6677172295E-02  8.3386E-03  8.3386E-03
  9.0000000000E+01  1.7054045675E-02  8.5270E-03  8.5270E-03
  9.1000000000E+01  1.7435129931E-02  8.7176E-03  8.7175E-03
  9.2000000000E+01  1.7820425064E-02  8.9102E-03  8.9102E-03
  9.3000000000E+01  1.8209931072E-02  9.1050E-03  9.1049E-03
  9.4000000000E+01  1.8603647956E-02  9.3019E-03  9.3018E-03
  9.5000000000E+01  1.9001575717E-02  9.5008E-03  9.5008E-03
  9.6000000000E+01  1.9403714353E-02  9.7019E-03  9.7018E-03
  9.7000000000E+01  1.9810063865E-02  9.9051E-03  9.9050E-03
  9.8000000000E+01  2.0220624254E-02  1.0110E-02  1.0110E-02
  9.9000000000E+01  2.0635395518E-02  1.0318E-02  1.0318E-02
  1.0000000000E+02  2.1054377659E-02  1.0527E-02  1.0527E-02
  1.0100000000E+02  2.1477570676E-02  1.0739E-02  1.0739E-02
  1.0200000000E+02  2.1904974568E-02  1.0953E-02  1.0952E-02
  1.0300000000E+02  2.2336589337E-02  1.1168E-02  1.1168E-02
  1.0400000000E+02  2.4769097333E-02  1.2385E-02  1.2385E-02
  1.0500000000E+02  2.9227349440E-02  1.4614E-02  1.4614E-02
  1.0600000000E+02  3.3330116160E-02  1.6665E-02  1.6665E-02
  1.0700000000E+02  3.7077397494E-02  1.8539E-02  1.8539E-02
  1.0800000000E+02  4.0469193441E-02  2.0235E-02  2.0235E-02
  1.0900000000E+02  4.3505504000E-02  2.1753E-02  2.1753E-02
  1.1000000000E+02  4.6186329174E-02  2.3093E-02  2.3093E-02
  1.1100000000E+02  4.8511668960E-02  2.4256E-02  2.4256E-02
  1.1200000000E+02  5.0481523359E-02  2.5241E-02  2.5241E-02
  1.1300000000E+02  5.2095892371E-02  2.6048E-02  2.6048E-02
  1.1400000000E+02  5.3354775997E-02  2.6677E-02  2.6677E-02
  1.1500000000E+02  5.4258174236E-02  2.7129E-02  2.7129E-02
  1.1600000000E+02  5.4806087088E-02  2.7403E-02  2.7403E-02
  1.1700000000E+02  5.4998514553E-02  2.7499E-02  2.7499E-02
  1.1800000000E+02  5.4835456631E-02  2.7418E-02  2.7418E-02
  1.1900000000E+02  5.4316913322E-02  2.7159E-02  2.7158E-02
  1.2000000000E+02  5.3442884627E-02  2.6721E-02  2.6721E-02
  1.2100000000E+02  5.2213370545E-02  2.6107E-02  2.6107E-02
  1.2200000000E+02  5.0628371076E-02  2.5314E-02  2.5314E-02
  1.2300000000E+02  4.8687886220E-02  2.4344E-02  2.4344E-02
  1.2400000000E+02  4.6391915977E-02  2.3196E-02  2.3196E-02
  1.2500000000E+02  4.3740460347E-02  2.1870E-02  2.1870E-02
  1.2600000000E+02  4.0733519330E-02  2.0367E-02  2.0367E-02
  1.2700000000E+02  3.7371092927E-02  1.8686E-02  1.8685E-02
  1.2800000000E+02  3.3653181137E-02  1.6827E-02  1.6827E-02
  1.2900000000E+02  2.9579783960E-02  1.4790E-02  1.4790E-02
  1.3000000000E+02  2.5150901396E-02  1.2576E-02  1.2575E-02
  1.3100000000E+02  2.0366533445E-02  1.0183E-02  1.0183E-02
  1.3200000000E+02  1.5226680107E-02  7.6134E-03  7.6133E-03
  1.3300000000E+02  9.7313413828E-03  4.8657E-03  4.8656E-03
  1.3400000000E+02  3.8805172714E-03  1.9403E-03  1.9402E-03
  1.3500000000E+02  4.6488640603E-04  2.3252E-04  2.3237E-04
  1.3600000000E+02  4.7179912075E-04  2.3598E-04  2.3582E-04
  1.3700000000E+02  4.7876285182E-04  2.3946E-04  2.3930E-04
  1.3800000000E+02  4.8577759923E-04  2.4297E-04  2.4281E-04
  1.3900000000E+02  4.9284336300E-04  2.4651E-04  2.4634E-04
  1.4000000000E+02  4.9996014311E-04  2.5007E-04  2.4989E-04
  1.4100000000E+02  5.0712793957E-04  2.5365E-04  2.5348E-04
  1.4200000000E+02  5.1434675238E-04  2.5726E-04  2.5708E-04
  1.4300000000E+02  5.2161658154E-04  2.6090E-04  2.6072E-04
  1.4400000000E+02  5.2893742704E-04  2.6456E-04  2.6437E-04
  1.4500000000E+02  5.3630928890E-04  2.6825E-04  2.6806E-04
  1.4600000000E+02  5.4373216711E-04  2.7196E-04  2.7177E-04
  1.4700000000E+02  5.5120606166E-04  2.7570E-04  2.7550E-04
  1.4800000000E+02  5.5873097256E-04  2.7947E-04  2.7926E-04
  1.4900000000E+02  5.6630689981E-04  2.8326E-04  2.8305E-04
  1.5000000000E+02  5.7393384341E-04  2.8707E-04  2.8686E-04
  1.5100000000E+02  5.8161180336E-04  2.9092E-04  2.9070E-04
  1.5200000000E+02  5.8934077965E-04  2.9478E-04  2.9456E-04
  1.5300000000E+02  5.9712077230E-04  2.9867E-04  2.9845E-04
  1.5400000000E+02  6.0495178129E-04  3.0259E-04  3.0236E-04
  1.5500000000E+02  6.1283380664E-04  3.0653E-04  3.0630E-04
  1.5600000000E+02  6.2076684833E-04  3.1050E-04  3.1026E-04
  1.5700000000E+02  6.2875090637E-04  3.1450E-04  3.1425E-04
  1.5800000000E+02  6.3678598075E-04  3.1852E-04  3.1827E-04
  1.5900000000E+02  6.4487207149E-04  3.2256E-04  3.2231E-04
  1.6000000000E+02  6.5300917858E-04  3.2663E-04  3.2637E-04
  1.6100000000E+02  6.6119730201E-04  3.3073E-04  3.3047E-04
  1.6200000000E+02  6.6943644180E-04  3.3485E-04  3.3458E-04
  1.6300000000E+02  6.7772659793E-04  3.3900E-04  3.3873E-04
  1.6400000000E+02  6.8606777041E-04  3.4317E-04  3.4289E-04
  1.6500000000E+02  6.9445995924E-04  3.4737E-04  3.4709E-04
  1.6600000000E+02  7.0290316442E-04  3.5160E-04  3.5131E-04
  1.6700000000E+02  7.1139738594E-04  3.5585E-04  3.5555E-04
  1.6800000000E+02  7.1994262382E-04  3.6012E-04  3.5982E-04
  1.6900000000E+02  7.2853887804E-04  3.6442E-04  3.6412E-04
  1.7000000000E+02  7.3718614861E-04  3.6875E-04  3.6844E-04
  1.7100000000E+02  7.4588443554E-04  3.7310E-04  3.7278E-04
  1.7200000000E+02  7.5463373881E-04  3.7748E-04  3.7716E-04
  1.7300000000E+02  7.6343405842E-04  3.8188E-04  3.8155E-04
  1.7400000000E+02  7.7228539439E-04  3.8631E-04  3.8598E-04
  1.7500000000E+02  7.8118774671E-04  3.9076E-04  3.9042E-04
  1.7600000000E+02  7.9014111537E-04  3.9524E-04  3.9490E-04
  1.7700000000E+02  7.9914550039E-04  3.9975E-04  3.9940E-04
  1.7800000000E+02  8.0820090175E-04  4.0428E-04  4.0392E-04
  1.7900000000E+02  8.1730731946E-04  4.0884E-04  4.0847E-04
  1.8000000000E+02  8.2646475352E-04  4.1342E-04  4.1305E-04
  1.8100000000E+02  8.3567320393E-04  4.1802E-04  4.1765E-04
  1.8200000000E+02  8.4493267068E-04  4.2266E-04  4.2228E-04
  1.8300000000E+02  8.5424315379E-04  4.2732E-04  4.2693E-04
  1.8400000000E+02  8.6360465324E-04  4.3200E-04  4.3160E-04
  1.8500000000E+02  8.7301716904E-04  4.3671E-04  4.3631E-04
  1.8600000000E+02  8.8248070120E-04  4.4144E-04  4.4104E-04
  1.8700000000E+02  8.9199524970E-04  4.4620E-04  4.4579E-04
  1.8800000000E+02  9.0156081454E-04  4.5099E-04  4.5057E-04
  1.8900000000E+02  9.1117739574E-04  4.5580E-04  4.5537E-04
  1.9000000000E+02  9.2084499329E-04  4.6064E-04  4.6020E-04
  1.9100000000E+02  9.3056360718E-04  4.6550E-04  4.6506E-04
  1.9200000000E+02  9.4033323743E-04  4.7039E-04  4.6994E-04
  1.9300000000E+02  9.5015388402E-04  4.7530E-04  4.7485E-04
  1.9400000000E+02  9.6002554696E-04  4.8024E-04  4.7978E-04
  1.9500000000E+02  9.6994822625E-04  4.8521E-04  4.8474E-04
  1.9600000000E+02  9.7992192189E-04  4.9020E-04  4.8972E-04
  1.9700000000E+02  9.8994663387E-04  4.9522E-04  4.9473E-04
  1.9800000000E+02  1.0000223622E-03  5.0026E-04  4.9977E-04
  1.9900000000E+02  1.0101491069E-03  5.0532E-04  5.0482E-04
  2.0000000000E+02  1.0203268679E-03  5.1042E-04  5.0991E-04
  2.0100000000E+02  1.0305556453E-03  5.1554E-04  5.1502E-04
  2.0200000000E+02  1.0408354390E-03  5.2068E-04  5.2016E-04
  2.0300000000E+02  1.0511662491E-03  5.2585E-04  5.2532E-04
  2.0400000000E+02  1.0615480755E-03  5.3104E-04  5.3050E-04
  2.0500000000E+02  1.0719809183E-03  5.3626E-04  5.3572E-04
  2.0600000000E+02  1.0824647774E-03  5.4151E-04  5.4096E-04
  2.0700000000E+02  1.0929996529E-03  5.4678E-04  5.4622E-04
  2.0800000000E+02  1.1035855447E-03  5.5208E-04  5.5151E-04
  2.0900000000E+02  1.1142224529E-03  5.5740E-04  5.5682E-04
  2.1000000000E+02  1.1249103774E-03  5.6275E-04  5.6216E-04
  2.1100000000E+02  1.1356493183E-03  5.6812E-04  5.6753E-04
  2.1200000000E+02  1.1464392755E-03  5.7352E-04  5.7292E-04
  2.1300000000E+02  1.1572802491E-03  5.7895E-04  5.7833E-04
  2.1400000000E+02  1.1681722390E-03  5.8440E-04  5.8378E-04
  2.1500000000E+02  1.1791152453E-03  5.8987E-04  5.8924E-04
  2.1600000000E+02  1.1901092679E-03  5.9537E-04  5.9474E-04
  2.1700000000E+02  1.2011543068E-03  6.0090E-04  6.0025E-04
  2.1800000000E+02  1.2122503621E-03  6.0645E-04  6.0580E-04
  2.1900000000E+02  1.2233974338E-03  6.1203E-04  6.1137E-04
  2.2000000000E+02  1.2345955218E-03  6.1764E-04  6.1696E-04
  2.2100000000E+02  1.2458446262E-03  6.2326E-04  6.2258E-04
  2.2200000000E+02  1.2571447469E-03  6.2892E-04  6.2823E-04
  2.2300000000E+02  1.2684958839E-03  6.3460E-04  6.3390E-04
  2.2400000000E+02  1.2798980373E-03  6.4031E-04  6.3959E-04
  2.2500000000E+02  1.2913512071E-03  6.4604E-04  6.4531E-04
  2.2600000000E+02  1.3028553932E-03  6.5179E-04  6.5106E-04
  2.2700000000E+02  1.3144105956E-03  6.5758E-04  6.5683E-04
  2.2800000000E+02  1.3260168144E-03  6.6338E-04  6.6263E-04
  2.2900000000E+02  1.3376740496E-03  6.6922E-04  6.6846E-04
  2.3000000000E+02  1.3493823010E-03  6.7508E-04  6.7431E-04
  2.3100000000E+02  1.3611415689E-03  6.8096E-04  6.8018E-04
  2.3200000000E+02  1.3729518531E-03  6.8687E-04  6.8608E-04
  2.3300000000E+02  1.3848131536E-03  6.9281E-04  6.9201E-04
  2.3400000000E+02  1.3967254705E-03  6.9877E-04  6.9796E-04
  2.3500000000E+02  1.4086888037E-03  7.0476E-04  7.0393E-04
  2.3600000000E+02  1.4207031533E-03  7.1077E-04  7.0993E-04
  2.3700000000E+02  1.4327685193E-03  7.1681E-04  7.1596E-04
  2.3800000000E+02  1.4448849015E-03  7.2287E-04  7.2201E-04
  2.3900000000E+02  1.4570523002E-03  7.2896E-04  7.2809E-04
  2.4000000000E+02  1.4692707152E-03  7.3507E-04  7.3420E-04
  2.4100000000E+02  1.4815401465E-03  7.4121E-04  7.4033E-04
  2.4200000000E+02  1.4938605942E-03  7.4738E-04  7.4648E-04
  2.4300000000E+02  1.5062320582E-03  7.5357E-04  7.5266E-04
  2.4400000000E+02  1.5186545386E-03  7.5979E-04  7.5887E-04
  2.4500000000E+02  1.5311280353E-03  7.6603E-04  7.6510E-04
  2.4600000000E+02  1.5436525484E-03  7.7230E-04  7.7135E-04
  2.4700000000E+02  1.5562280778E-03  7.7859E-04  7.7764E-04
  2.4800000000E+02  1.5688546236E-03  7.8491E-04  7.8394E-04
  2.4900000000E+02  1.5815321857E-03  7.9126E-04  7.9028E-04
  2.5000000000E+02  1.5942607641E-03  7.9763E-04  7.9663E-04
  2.5100000000E+02  1.6070403590E-03  8.0402E-04  8.0302E-04
  2.5200000000E+02  1.6198709701E-03  8.1044E-04  8.0943E-04
  2.5300000000E+02  1.6327525976E-03  8.1689E-04  8.1586E-04
  2.5400000000E+02  1.6456852415E-03  8.2336E-04  8.2232E-04
  2.5500000000E+02  1.6586689017E-03  8.2986E-04  8.2881E-04
  2.5600000000E+02  1.6717035783E-03  8.3638E-04  8.3532E-04
  2.5700000000E+02  1.6847892712E-03  8.4293E-04  8.4186E-04
  2.5800000000E+02  1.6979259804E-03  8.4951E-04  8.4842E-04
  2.5900000000E+02  1.7111137060E-03  8.5611E-04  8.5501E-04
  2.6000000000E+02  1.7243524480E-03  8.6273E-04  8.6162E-04
  2.6100000000E+02  1.7376422063E-03  8.6938E-04  8.6826E-04
  2.6200000000E+02  1.7509829809E-03  8.7606E-04  8.7492E-04
  2.6300000000E+02  1.7643747719E-03  8.8276E-04  8.8161E-04
  2.6400000000E+02  1.7778175793E-03  8.8949E-04  8.8833E-04
  2.6500000000E+02  1.7913114030E-03  8.9625E-04  8.9507E-04
  2.6600000000E+02  1.8048562430E-03  9.0302E-04  9.0183E-04
  2.6700000000E+02  1.8184520994E-03  9.0983E-04  9.0862E-04
  2.6800000000E+02  1.8320989722E-03  9.1666E-04  9.1544E-04
  2.6900000000E+02  1.8457968613E-03  9.2352E-04  9.2228E-04
  2.7000000000E+02  1.8595457667E-03  9.3040E-04  9.2915E-04
  2.7100000000E+02  1.8733456885E-03  9.3730E-04  9.3604E-04
  2.7200000000E+02  1.8871966266E-03  9.4424E-04  9.4296E-04
  2.7300000000E+02  1.9010985811E-03  9.5119E-04  9.4990E-04
  2.7400000000E+02  1.9150515519E-03  9.5818E-04  9.5687E-04
  2.7500000000E+02  1.9290555391E-03  9.6519E-04  9.6387E-04
  2.7600000000E+02  1.9431105427E-03  9.7222E-04  9.7089E-04
  2.7700000000E+02  1.9572165625E-03  9.7928E-04  9.7793E-04
  2.7800000000E+02  1.9713735988E-03  9.8637E-04  9.8501E-04
  2.7900000000E+02  1.9855816513E-03  9.9348E-04  9.9210E-04
  2.8000000000E+02  1.9998407203E-03  1.0006E-03  9.9922E-04
  2.8100000000E+02  2.0141508055E-03  1.0078E-03  1.0064E-03
  2.8200000000E+02  2.0285119072E-03  1.0150E-03  1.0135E-03
  2.8300000000E+02  2.0429240251E-03  1.0222E-03  1.0207E-03
  2.8400000000E+02  2.0573871595E-03  1.0294E-03  1.0280E-03
  2.8500000000E+02  2.0719013101E-03  1.0367E-03  1.0352E-03
  2.8600000000E+02  2.0864664772E-03  1.0440E-03  1.0425E-03
  2.8700000000E+02  2.1010826605E-03  1.0513E-03  1.0498E-03
  2.8800000000E+02  2.1157498602E-03  1.0586E-03  1.0571E-03
  2.8900000000E+02  2.1304680763E-03  1.0660E-03  1.0645E-03
  2.9000000000E+02  2.1452373087E-03  1.0734E-03  1.0718E-03
  2.9100000000E+02  2.1600575575E-03  1.0808E-03  1.0792E-03
  2.9200000000E+02  2.1749288226E-03  1.0883E-03  1.0867E-03
  2.9300000000E+02  2.1898511041E-03  1.0957E-03  1.0941E-03
  2.9400000000E+02  2.2048244019E-03  1.1032E-03  1.1016E-03
  2.9500000000E+02  2.2198487160E-03  1.1107E-03  1.1091E-03
  2.9600000000E+02  2.2349240465E-03  1.1183E-03  1.1166E-03
  2.9700000000E+02  2.2500503934E-03  1.1259E-03  1.1242E-03
  2.9800000000E+02  2.2652277566E-03  1.1335E-03  1.1318E-03
  2.9900000000E+02  2.2804561361E-03  1.1411E-03  1.1394E-03
  3.0000000000E+02  2.2957355320E-03  1.1487E-03  1.1470E-03
  3.0100000000E+02  2.3110659443E-03  1.1564E-03  1.1547E-03
  3.0200000000E+02  2.3264473729E-03  1.1641E-03  1.1624E-03
  3.0300000000E+02  2.3418798178E-03  1.1718E-03  1.1701E-03
  3.0400000000E+02  2.3573632791E-03  1.1796E-03  1.1778E-03
  3.0500000000E+02  2.3728977568E-03  1.1873E-03  1.1855E-03
  3.0600000000E+02  2.3884832508E-03  1.1952E-03  1.1933E-03
  3.0700000000E+02  2.4041197611E-03  1.2030E-03  1.2011E-03
  3.0800000000E+02  2.4198072878E-03  1.2108E-03  1.2090E-03
  3.0900000000E+02  2.4355458308E-03  1.2187E-03  1.2168E-03
  3.1000000000E+02  2.4513353902E-03  1.2266E-03  1.2247E-03
  3.1100000000E+02  2.4671759660E-03  1.2345E-03  1.2326E-03
  3.1200000000E+02  2.4830675580E-03  1.2425E-03  1.2406E-03
  3.1300000000E+02  2.4990101665E-03  1.2505E-03  1.2485E-03
  3.1400000000E+02  2.5150037913E-03  1.2585E-03  1.2565E-03
  3.1500000000E+02  2.5310484324E-03  1.2665E-03  1.2645E-03
  3.1600000000E+02  2.5471440899E-03  1.2746E-03  1.2726E-03
  3.1700000000E+02  2.5632907637E-03  1.2827E-03  1.2806E-03
  3.1800000000E+02  2.5794884539E-03  1.2908E-03  1.2887E-03
  3.1900000000E+02  2.5957371604E-03  1.2989E-03  1.2968E-03
  3.2000000000E+02  2.6120368833E-03  1.3071E-03  1.3050E-03
  3.2100000000E+02  2.6283876225E-03  1.3152E-03  1.3131E-03
  3.2200000000E+02  2.6447893781E-03  1.3235E-03  1.3213E-03
  3.2300000000E+02  2.6612421500E-03  1.3317E-03  1.3296E-03
  3.2400000000E+02  2.6777459383E-03  1.3400E-03  1.3378E-03
  3.2500000000E+02  2.6943007429E-03  1.3482E-03  1.3461E-03
  3.2600000000E+02  2.7109065638E-03  1.3566E-03  1.3544E-03
  3.2700000000E+02  2.7275634011E-03  1.3649E-03  1.3627E-03
  3.2800000000E+02  2.7442712548E-03  1.3733E-03  1.3710E-03
  3.2900000000E+02  2.7610301248E-03  1.3816E-03  1.3794E-03
  3.3000000000E+02  2.7778400112E-03  1.3901E-03  1.3878E-03
  3.3100000000E+02  2.7947009139E-03  1.3985E-03  1.3962E-03
  3.3200000000E+02  2.8116128330E-03  1.4070E-03  1.4046E-03
  3.3300000000E+02  2.8285757684E-03  1.4155E-03  1.4131E-03
  3.3400000000E+02  2.8455897201E-03  1.4240E-03  1.4216E-03
  3.3500000000E+02  2.8626546882E-03  1.4325E-03  1.4301E-03
  3.3600000000E+02  2.8797706727E-03  1.4411E-03  1.4387E-03
  3.3700000000E+02  2.8969376735E-03  1.4497E-03  1.4473E-03
  3.3800000000E+02  2.9141556906E-03  1.4583E-03  1.4559E-03
  3.3900000000E+02  2.9314247241E-03  1.4669E-03  1.4645E-03
  3.4000000000E+02  2.9487447740E-03  1.4756E-03  1.4731E-03
  3.4100000000E+02  2.9661158402E-03  1.4843E-03  1.4818E-03
  3.4200000000E+02  2.9835379227E-03  1.4930E-03  1.4905E-03
  3.4300000000E+02  3.0010110216E-03  1.5018E-03  1.4992E-03
  3.4400000000E+02  3.0185351368E-03  1.5106E-03  1.5080E-03
  3.4500000000E+02  3.0361102684E-03  1.5194E-03  1.5168E-03
  3.4600000000E+02  3.0537364164E-03  1.5282E-03  1.5256E-03
  3.4700000000E+02  3.0714135807E-03  1.5370E-03  1.5344E-03
  3.4800000000E+02  3.0891417613E-03  1.5459E-03  1.5432E-03
  3.4900000000E+02  3.1069209583E-03  1.5548E-03  1.5521E-03
  3.5000000000E+02  3.1247511716E-03  1.5637E-03  1.5610E-03
  3.5100000000E+02  3.1426324013E-03  1.5727E-03  1.5699E-03
  3.5200000000E+02  3.1605646473E-03  1.5817E-03  1.5789E-03
  3.5300000000E+02  3.1785479097E-03  1.5907E-03  1.5879E-03
  3.5400000000E+02  3.1965821884E-03  1.5997E-03  1.5969E-03
  3.5500000000E+02  3.2146674835E-03  1.6088E-03  1.6059E-03
  3.5600000000E+02  3.2328037950E-03  1.6178E-03  1.6150E-03
  3.5700000000E+02  3.2509911227E-03  1.6269E-03  1.6241E-03
  3.5800000000E+02  3.2692294669E-03  1.6361E-03  1.6332E-03
  3.5900000000E+02  3.2875188273E-03  1.6452E-03  1.6423E-03
  3.6000000000E+02  3.3058592041E-03  1.6544E-03  1.6515E-03
  3.6100000000E+02  3.3242505973E-03  1.6636E-03  1.6606E-03
  3.6200000000E+02  3.3426930068E-03  1.6729E-03  1.6698E-03
  3.6300000000E+02  3.3611864327E-03  1.6821E-03  1.6791E-03
  3.6400000000E+02  3.3797308749E-03  1.6914E-03  1.6883E-03
  3.6500000000E+02  3.3983263335E-03  1.7007E-03  1.6976E-03
  3.6600000000E+02  3.4169728084E-03  1.7100E-03  1.7069E-03
  3.6700000000E+02  3.4356702997E-03  1.7194E-03  1.7163E-03
  3.6800000000E+02  3.4544188073E-03  1.7288E-03  1.7256E-03
  3.6900000000E+02  3.4732183312E-03  1.7382E-03  1.7350E-03
  3.7000000000E+02  3.4920688715E-03  1.7476E-03  1.7444E-03
  3.7100000000E+02  3.5109704282E-03  1.7571E-03  1.7539E-03
  3.7200000000E+02  3.5299230012E-03  1.7666E-03  1.7633E-03
  3.7300000000E+02  3.5489265905E-03  1.7761E-03  1.7728E-03
  3.7400000000E+02  3.5679811963E-03  1.7856E-03  1.7823E-03
  3.7500000000E+02  3.5870868183E-03  1.7952E-03  1.7919E-03
  3.7600000000E+02  3.8554223102E-03  1.9294E-03  1.9260E-03
  3.7700000000E+02  5.4555876623E-03  2.7296E-03  2.7260E-03
  3.7800000000E+02  6.9694129967E-03  3.4867E-03  3.4827E-03
  3.7900000000E+02  8.3968983134E-03  4.2008E-03  4.1961E-03
  3.8000000000E+02  9.7380436124E-03  4.8718E-03  4.8663E-03
  3.8100000000E+02  1.0992848894E-02  5.4997E-03  5.4931E-03
  3.8200000000E+02  1.2161314157E-02  6.0846E-03  6.0768E-03
  3.8300000000E+02  1.3243439403E-02  6.6263E-03  6.6171E-03
  3.8400000000E+02  1.4239224632E-02  7.1249E-03  7.1143E-03
  3.8500000000E+02  1.5148669842E-02  7.5804E-03  7.5682E-03
  3.8600000000E+02  1.5971775035E-02  7.9928E-03  7.9790E-03
  3.8700000000E+02  1.6708540210E-02  8.3621E-03  8.3465E-03
  3.8800000000E+02  1.7358965368E-02  8.6882E-03  8.6708E-03
  3.8900000000E+02  1.7923050508E-02  8.9711E-03  8.9520E-03
  3.9000000000E+02  1.8400795630E-02  9.2109E-03  9.1899E-03
  3.9100000000E+02  1.8792200734E-02  9.4074E-03  9.3848E-03
  3.9200000000E+02  1.9097265821E-02  9.5608E-03  9.5364E-03
  3.9300000000E+02  1.9315990890E-02  9.6710E-03  9.6450E-03
  3.9400000000E+02  1.9448375942E-02  9.7380E-03  9.7104E-03
  3.9500000000E+02  1.9494420975E-02  9.7618E-03  9.7326E-03
  3.9600000000E+02  1.9454125991E-02  9.7423E-03  9.7118E-03
  3.9700000000E+02  1.9327490990E-02  9.6796E-03  9.6479E-03
  3.9800000000E+02  1.9114515971E-02  9.5737E-03  9.5408E-03
  3.9900000000E+02  1.8815200933E-02  9.4245E-03  9.3907E-03
  4.0000000000E+02  1.8429545879E-02  9.2320E-03  9.1976E-03
  4.0100000000E+02  1.7957550806E-02  8.9962E-03  8.9613E-03
  4.0200000000E+02  1.7399215716E-02  8.7172E-03  8.6821E-03
  4.0300000000E+02  1.6754540609E-02  8.3948E-03  8.3597E-03
  4.0400000000E+02  1.6023525483E-02  8.0291E-03  7.9944E-03
  4.0500000000E+02  1.5206170340E-02  7.6201E-03  7.5860E-03
  4.0600000000E+02  1.4302475179E-02  7.1678E-03  7.1347E-03
  4.0700000000E+02  1.3312440001E-02  6.6722E-03  6.6403E-03
  4.0800000000E+02  1.2236064804E-02  6.1332E-03  6.1029E-03
  4.0900000000E+02  1.1073349591E-02  5.5508E-03  5.5226E-03
  4.1000000000E+02  9.8242943590E-03  4.9250E-03  4.8993E-03
  4.1100000000E+02  8.4888991098E-03  4.2559E-03  4.2330E-03
  4.1200000000E+02  7.0671638428E-03  3.5434E-03  3.5238E-03
  4.1300000000E+02  5.5590885582E-03  2.7875E-03  2.7716E-03
  4.1400000000E+02  3.9646732559E-03  1.9881E-03  1.9765E-03
  4.1500000000E+02  2.2839179359E-03  1.1454E-03  1.1385E-03
  4.1600000000E+02  5.1682259822E-04  2.5921E-04  2.5761E-04
  4.1700000000E+02  2.4766947247E-02  1.2348E-02  1.2419E-02
  4.1800000000E+02  5.2459058799E-02  2.6164E-02  2.6295E-02
  4.1900000000E+02  7.2136579517E-02  3.5990E-02  3.6146E-02
  4.2000000000E+02  8.3799509403E-02  4.1823E-02  4.1976E-02
  4.2100000000E+02  8.7447848456E-02  4.3659E-02  4.3789E-02
  4.2200000000E+02  8.3081596675E-02  4.1492E-02  4.1589E-02
  4.2300000000E+02  7.0700754062E-02  3.5320E-02  3.5381E-02
  4.2400000000E+02  5.0305320616E-02  2.5138E-02  2.5168E-02
  4.2500000000E+02  2.1895296336E-02  1.0941E-02  1.0955E-02
  4.2600000000E+02  1.3841230258E-02  6.9141E-03  6.9271E-03
  4.2700000000E+02  1.3557213750E-02  6.7723E-03  6.7849E-03
  4.2800000000E+02  1.3276141479E-02  6.6320E-03  6.6442E-03
  4.2900000000E+02  1.2998013447E-02  6.4931E-03  6.5049E-03
  4.3000000000E+02  1.2722829653E-02  6.3557E-03  6.3672E-03
  4.3100000000E+02  1.2450590098E-02  6.2197E-03  6.2308E-03
  4.3200000000E+02  1.2181294780E-02  6.0853E-03  6.0960E-03
  4.3300000000E+02  1.1914943701E-02  5.9523E-03  5.9627E-03
  4.3400000000E+02  1.1651536859E-02  5.8207E-03  5.8308E-03
  4.3500000000E+02  1.1391074256E-02  5.6907E-03  5.7004E-03
  4.3600000000E+02  1.1133555891E-02  5.5621E-03  5.5715E-03
  4.3700000000E+02  1.0878981764E-02  5.4350E-03  5.4440E-03
  4.3800000000E+02  1.0627351875E-02  5.3093E-03  5.3181E-03
  4.3900000000E+02  1.0378666225E-02  5.1851E-03  5.1936E-03
  4.4000000000E+02  1.0132924812E-02  5.0624E-03  5.0705E-03
  4.4100000000E+02  9.8901276382E-03  4.9411E-03  4.9490E-03
  4.4200000000E+02  9.6502747021E-03  4.8213E-03  4.8289E-03
  4.4300000000E+02  9.4133660041E-03  4.7030E-03  4.7103E-03
  4.4400000000E+02  9.1794015443E-03  4.5862E-03  4.5932E-03
  4.4500000000E+02  8.9483813227E-03  4.4708E-03  4.4776E-03
  4.4600000000E+02  8.7203053392E-03  4.3569E-03  4.3634E-03
  4.4700000000E+02  8.4951735938E-03  4.2445E-03  4.2507E-03
  4.4800000000E+02  8.2729860866E-03  4.1335E-03  4.1395E-03
  4.4900000000E+02  8.0537428176E-03  4.0240E-03  4.0298E-03
  4.5000000000E+02  7.8374437867E-03  3.9159E-03  3.9215E-03
  4.5100000000E+02  7.6240889940E-03  3.8094E-03  3.8147E-03
  4.5200000000E+02  7.4136784394E-03  3.7043E-03  3.7094E-03
  4.5300000000E+02  7.2062121230E-03  3.6007E-03  3.6056E-03
  4.5400000000E+02  7.0016900447E-03  3.4985E-03  3.5032E-03
  4.5500000000E+02  6.8001122046E-03  3.3978E-03  3.4023E-03
  4.5600000000E+02  6.6014786026E-03  3.2986E-03  3.3029E-03
  4.5700000000E+02  6.4057892388E-03  3.2008E-03  3.2049E-03
  4.5800000000E+02  6.2130441132E-03  3.1046E-03  3.1085E-03
  4.5900000000E+02  6.0232432257E-03  3.0098E-03  3.0135E-03
  4.6000000000E+02  5.8363865763E-03  2.9164E-03  2.9200E-03
  4.6100000000E+02  5.6524741651E-03  2.8245E-03  2.8279E-03
  4.6200000000E+02  5.4715059921E-03  2.7341E-03  2.7374E-03
  4.6300000000E+02  5.2934820572E-03  2.6452E-03  2.6483E-03
  4.6400000000E+02  5.1184023604E-03  2.5577E-03  2.5607E-03
  4.6500000000E+02  4.9462669018E-03  2.4717E-03  2.4745E-03
  4.6600000000E+02  4.7770756814E-03  2.3872E-03  2.3899E-03
  4.6700000000E+02  4.6108286991E-03  2.3042E-03  2.3067E-03
  4.6800000000E+02  4.4475259550E-03  2.2226E-03  2.2249E-03
  4.6900000000E+02  4.2871674490E-03  2.1425E-03  2.1447E-03
  4.7000000000E+02  4.1297531812E-03  2.0638E-03  2.0659E-03
  4.7100000000E+02  3.9752831515E-03  1.9866E-03  1.9886E-03
  4.7200000000E+02  3.8237573600E-03  1.9109E-03  1.9128E-03
  4.7300000000E+02  6.2796737352E-03  3.1389E-03  3.1407E-03
  4.7400000000E+02  1.3766912667E-02  6.8826E-03  6.8843E-03
  4.7500000000E+02  2.0833337549E-02  1.0416E-02  1.0417E-02
  4.7600000000E+02  2.7478948380E-02  1.3739E-02  1.3740E-02
  4.7700000000E+02  3.3703745161E-02  1.6851E-02  1.6853E-02
  4.7800000000E+02  3.9507727892E-02  1.9753E-02  1.9755E-02
  4.7900000000E+02  4.4890896573E-02  2.2445E-02  2.2446E-02
  4.8000000000E+02  4.9853251203E-02  2.4926E-02  2.4927E-02
  4.8100000000E+02  5.4394791783E-02  2.7197E-02  2.7198E-02
  4.8200000000E+02  5.8515518313E-02  2.9257E-02  2.9258E-02
  4.8300000000E+02  6.2215430792E-02  3.1107E-02  3.1108E-02
  4.8400000000E+02  6.5494529222E-02  3.2747E-02  3.2748E-02
  4.8500000000E+02  6.8352813600E-02  3.4176E-02  3.4177E-02
  4.8600000000E+02  7.0790283929E-02  3.5395E-02  3.5396E-02
  4.8700000000E+02  7.2806940207E-02  3.6403E-02  3.6404E-02
  4.8800000000E+02  7.4402782436E-02  3.7201E-02  3.7202E-02
  4.8900000000E+02  7.5577810613E-02  3.7789E-02  3.7789E-02
  4.9000000000E+02  7.6332024741E-02  3.8166E-02  3.8166E-02
  4.9100000000E+02  7.6665424818E-02  3.8332E-02  3.8333E-02
  4.9200000000E+02  7.6578010845E-02  3.8289E-02  3.8289E-02
  4.9300000000E+02  7.6069782822E-02  3.8035E-02  3.8035E-02
  4.9400000000E+02  7.5140740748E-02  3.7570E-02  3.7571E-02
  4.9500000000E+02  7.3790884624E-02  3.6895E-02  3.6896E-02
  4.9600000000E+02  7.2020214450E-02  3.6010E-02  3.6010E-02
  4.9700000000E+02  6.9828730226E-02  3.4914E-02  3.4914E-02
  4.9800000000E+02  6.7216431951E-02  3.3608E-02  3.3608E-02
  4.9900000000E+02  6.4183319626E-02  3.2092E-02  3.2092E-02
  5.0000000000E+02  6.0729393251E-02  3.0365E-02  3.0365E-02
  5.0100000000E+02  5.5679532363E-02  2.7840E-02  2.7840E-02
  5.0200000000E+02  5.0725141330E-02  2.5363E-02  2.5363E-02
  5.0300000000E+02  4.6001560730E-02  2.3001E-02  2.3001E-02
  5.0400000000E+02  4.1508790563E-02  2.0754E-02  2.0754E-02
  5.0500000000E+02  3.7246830830E-02  1.8623E-02  1.8623E-02
  5.0600000000E+02  3.3215681531E-02  1.6608E-02  1.6608E-02
  5.0700000000E+02  2.9415342666E-02  1.4708E-02  1.4708E-02
  5.0800000000E+02  2.5845814234E-02  1.2923E-02  1.2923E-02
  5.0900000000E+02  2.2507096236E-02  1.1254E-02  1.1254E-02
  5.1000000000E+02  1.9399188672E-02  9.6996E-03  9.6996E-03
  5.1100000000E+02  1.6522091541E-02  8.2610E-03  8.2611E-03
  5.1200000000E+02  1.3875804844E-02  6.9379E-03  6.9379E-03
  5.1300000000E+02  1.1460328581E-02  5.7302E-03  5.7302E-03
  5.1400000000E+02  9.2756627508E-03  4.6378E-03  4.6378E-03
  5.1500000000E+02  7.3218073547E-03  3.6609E-03  3.6609E-03
  5.1600000000E+02  5.5987623923E-03  2.7994E-03  2.7994E-03
  5.1700000000E+02  4.1065278636E-03  2.0533E-03  2.0533E-03
  5.1800000000E+02  2.8451037685E-03  1.4226E-03  1.4226E-03
  5.1900000000E+02  1.8144901071E-03  9.0724E-04  9.0725E-04
  5.2000000000E+02  1.0146868794E-03  5.0734E-04  5.0734E-04
  5.2100000000E+02  4.4569408529E-04  2.2285E-04  2.2285E-04
  5.2200000000E+02  1.0751172489E-04  5.3756E-05  5.3756E-05
  5.2300000000E+02  0.0000000000E+00  0.0000E+00  0.0000E+00
