 # Frequency[cm^-1] DOS PDOS
  0.0000000000E+00  0.0000000000E+00  0.0000E+00  0.0000E+00
  1.0000000000E+00  1.4653439014E-07  7.3267E-08  7.3267E-08
  2.0000000000E+00  5.8614096492E-07  2.9307E-07  2.9307E-07
  3.0000000000E+00  1.3188197244E-06  6.5941E-07  6.5941E-07
  4.0000000000E+00  2.3445706685E-06  1.1723E-06  1.1723E-06
  5.0000000000E+00  3.6633937973E-06  1.8317E-06  1.8317E-06
  6.0000000000E+00  5.2752891107E-06  2.6376E-06  2.6376E-06
  7.0000000000E+00  7.1802566088E-06  3.5901E-06  3.5901E-06
  8.0000000000E+00  9.3782962916E-06  4.6891E-06  4.6891E-06
  9.0000000000E+00  1.1869408159E-05  5.9347E-06  5.9347E-06
  1.0000000000E+01  1.4653592211E-05  7.3268E-06  7.3268E-06
  1.1000000000E+01  1.7730848448E-05  8.8654E-06  8.8654E-06
  1.2000000000E+01  2.1101176869E-05  1.0551E-05  1.0551E-05
  1.3000000000E+01  2.4764577475E-05  1.2382E-05  1.2382E-05
  1.4000000000E+01  2.8721050266E-05  1.4361E-05  1.4361E-05
  1.5000000000E+01  3.2970595241E-05  1.6485E-05  1.6485E-05
  1.6000000000E+01  3.7513212401E-05  1.8757E-05  1.8757E-05
  1.7000000000E+01  4.2348901746E-05  2.1174E-05  2.1174E-05
  1.8000000000E+01  4.7477663276E-05  2.3739E-05  2.3739E-05
  1.9000000000E+01  5.2899496990E-05  2.6450E-05  2.6450E-05
  2.0000000000E+01  5.8614402888E-05  2.9307E-05  2.9307E-05
  2.1000000000E+01  6.4622380972E-05  3.2311E-05  3.2311E-05
  2.2000000000E+01  7.0923431240E-05  3.5462E-05  3.5462E-05
  2.3000000000E+01  7.7517553692E-05  3.8759E-05  3.8759E-05
  2.4000000000E+01  8.4404748330E-05  4.2202E-05  4.2202E-05
  2.5000000000E+01  9.1585015152E-05  4.5793E-05  4.5793E-05
  2.6000000000E+01  9.9058354158E-05  4.9529E-05  4.9529E-05
  2.7000000000E+01  1.0682476535E-04  5.3412E-05  5.3412E-05
  2.8000000000E+01  1.1488424873E-04  5.7442E-05  5.7442E-05
  2.9000000000E+01  1.2323680429E-04  6.1618E-05  6.1618E-05
  3.0000000000E+01  1.3188243203E-04  6.5941E-05  6.5941E-05
  3.1000000000E+01  1.4082113196E-04  7.0411E-05  7.0411E-05
  3.2000000000E+01  1.5005290408E-04  7.5026E-05  7.5026E-05
  3.3000000000E+01  1.5957774838E-04  7.9789E-05  7.9789E-05
  3.4000000000E+01  1.6939566486E-04  8.4698E-05  8.4698E-05
  3.5000000000E+01  1.7950665353E-04  8.9753E-05  8.9753E-05
  3.6000000000E+01  1.8991071438E-04  9.4955E-05  9.4955E-05
  3.7000000000E+01  2.0060784742E-04  1.0030E-04  1.0030E-04
  3.8000000000E+01  2.1159805264E-04  1.0580E-04  1.0580E-04
  3.9000000000E+01  2.2288133005E-04  1.1144E-04  1.1144E-04
  4.0000000000E+01  2.3445767964E-04  1.1723E-04  1.1723E-04
  4.1000000000E+01  2.4632710142E-04  1.2316E-04  1.2316E-04
  4.2000000000E+01  2.5848959538E-04  1.2924E-04  1.2924E-04
  4.3000000000E+01  2.7094516152E-04  1.3547E-04  1.3547E-04
  4.4000000000E+01  2.8369379986E-04  1.4185E-04  1.4185E-04
  4.5000000000E+01  2.9673551037E-04  1.4837E-04  1.4837E-04
  4.6000000000E+01  3.1007029307E-04  1.5504E-04  1.5504E-04
  4.7000000000E+01  3.2369814796E-04  1.6185E-04  1.6185E-04
  4.8000000000E+01  3.3761907502E-04  1.6881E-04  1.6881E-04
  4.9000000000E+01  3.5183307428E-04  1.7592E-04  1.7592E-04
  5.0000000000E+01  3.6634014572E-04  1.8317E-04  1.8317E-04
  5.1000000000E+01  3.8114028934E-04  1.9057E-04  1.9057E-04
  5.2000000000E+01  3.9623350515E-04  1.9812E-04  1.9812E-04
  5.3000000000E+01  4.1161979314E-04  2.0581E-04  2.0581E-04
  5.4000000000E+01  4.2729915332E-04  2.1365E-04  2.1365E-04
  5.5000000000E+01  4.5044940302E-04  2.2522E-04  2.2522E-04
  5.6000000000E+01  6.0556704050E-04  3.0278E-04  3.0278E-04
  5.7000000000E+01  7.5195564664E-04  3.7598E-04  3.7598E-04
  5.8000000000E+01  8.8961522143E-04  4.4481E-04  4.4481E-04
  5.9000000000E+01  1.0185457649E-03  5.0927E-04  5.0927E-04
  6.0000000000E+01  1.1387472770E-03  5.6937E-04  5.6937E-04
  6.1000000000E+01  1.2502197577E-03  6.2511E-04  6.2511E-04
  6.2000000000E+01  1.3529632072E-03  6.7648E-04  6.7648E-04
  6.3000000000E+01  1.4469776252E-03  7.2349E-04  7.2349E-04
  6.4000000000E+01  1.5322630119E-03  7.6613E-04  7.6613E-04
  6.5000000000E+01  1.6088193673E-03  8.0441E-04  8.0441E-04
  6.6000000000E+01  1.6766466913E-03  8.3832E-04  8.3832E-04
  6.7000000000E+01  1.7357449840E-03  8.6787E-04  8.6787E-04
  6.8000000000E+01  1.7861142454E-03  8.9306E-04  8.9306E-04
  6.9000000000E+01  1.8277544754E-03  9.1388E-04  9.1388E-04
  7.0000000000E+01  1.8606656740E-03  9.3033E-04  9.3033E-04
  7.1000000000E+01  1.8848478413E-03  9.4242E-04  9.4242E-04
  7.2000000000E+01  1.9162536304E-03  9.5813E-04  9.5813E-04
  7.3000000000E+01  1.9877325860E-03  9.9387E-04  9.9387E-04
  7.4000000000E+01  2.0603006241E-03  1.0302E-03  1.0302E-03
  7.5000000000E+01  2.1339577448E-03  1.0670E-03  1.0670E-03
  7.6000000000E+01  2.2087039479E-03  1.1044E-03  1.1044E-03
  7.7000000000E+01  2.2845392336E-03  1.1423E-03  1.1423E-03
  7.8000000000E+01  2.3614636018E-03  1.1807E-03  1.1807E-03
  7.9000000000E+01  2.4394770525E-03  1.2197E-03  1.2197E-03
  8.0000000000E+01  2.5185795857E-03  1.2593E-03  1.2593E-03
  8.1000000000E+01  2.5987712014E-03  1.2994E-03  1.2994E-03
  8.2000000000E+01  2.6903899805E-03  1.3452E-03  1.3452E-03
  8.3000000000E+01  2.7909268618E-03  1.3955E-03  1.3955E-03
  8.4000000000E+01  2.8989076835E-03  1.4495E-03  1.4495E-03
  8.5000000000E+01  3.0143324458E-03  1.5072E-03  1.5072E-03
  8.6000000000E+01  3.1372011486E-03  1.5686E-03  1.5686E-03
  8.7000000000E+01  3.2675137919E-03  1.6338E-03  1.6338E-03
  8.8000000000E+01  3.4052703758E-03  1.7026E-03  1.7026E-03
  8.9000000000E+01  3.5504709001E-03  1.7752E-03  1.7752E-03
  9.0000000000E+01  3.7031153649E-03  1.8516E-03  1.8516E-03
  9.1000000000E+01  3.8632037703E-03  1.9316E-03  1.9316E-03
  9.2000000000E+01  4.0339910768E-03  2.0170E-03  2.0170E-03
  9.3000000000E+01  4.2243137396E-03  2.1122E-03  2.1122E-03
  9.4000000000E+01  4.4346682550E-03  2.2173E-03  2.2173E-03
  9.5000000000E+01  4.6650546229E-03  2.3325E-03  2.3325E-03
  9.6000000000E+01  4.9154728435E-03  2.4577E-03  2.4577E-03
  9.7000000000E+01  5.1859229166E-03  2.5930E-03  2.5930E-03
  9.8000000000E+01  5.4764048422E-03  2.7382E-03  2.7382E-03
  9.9000000000E+01  5.7869186205E-03  2.8935E-03  2.8935E-03
  1.0000000000E+02  6.1174642513E-03  3.0587E-03  3.0587E-03
  1.0100000000E+02  6.4614288540E-03  3.2307E-03  3.2307E-03
  1.0200000000E+02  6.7711725518E-03  3.3856E-03  3.3856E-03
  1.0300000000E+02  7.1120757454E-03  3.5560E-03  3.5560E-03
  1.0400000000E+02  7.8818879238E-03  3.9409E-03  3.9409E-03
  1.0500000000E+02  8.7961453374E-03  4.3981E-03  4.3981E-03
  1.0600000000E+02  9.7052099387E-03  4.8526E-03  4.8526E-03
  1.0700000000E+02  1.0609081728E-02  5.3045E-03  5.3045E-03
  1.0800000000E+02  1.1507760704E-02  5.7539E-03  5.7539E-03
  1.0900000000E+02  1.2401246868E-02  6.2006E-03  6.2006E-03
  1.1000000000E+02  1.4681313474E-02  7.3407E-03  7.3407E-03
  1.1100000000E+02  1.5060530878E-02  7.5303E-03  7.5303E-03
  1.1200000000E+02  1.5868749059E-02  7.9344E-03  7.9344E-03
  1.1300000000E+02  1.6262467365E-02  8.1312E-03  8.1312E-03
  1.1400000000E+02  1.6241685796E-02  8.1208E-03  8.1208E-03
  1.1500000000E+02  1.7364813529E-02  8.6824E-03  8.6824E-03
  1.1600000000E+02  1.7937894689E-02  8.9689E-03  8.9689E-03
  1.1700000000E+02  1.7638702942E-02  8.8194E-03  8.8194E-03
  1.1800000000E+02  1.6467238289E-02  8.2336E-03  8.2336E-03
  1.1900000000E+02  1.6076169284E-02  8.0381E-03  8.0381E-03
  1.2000000000E+02  1.6309017490E-02  8.1545E-03  8.1545E-03
  1.2100000000E+02  1.6583729755E-02  8.2919E-03  8.2919E-03
  1.2200000000E+02  1.6991298823E-02  8.4956E-03  8.4956E-03
  1.2300000000E+02  1.7363217722E-02  8.6816E-03  8.6816E-03
  1.2400000000E+02  1.7703977994E-02  8.8520E-03  8.8520E-03
  1.2500000000E+02  1.8020791322E-02  9.0104E-03  9.0104E-03
  1.2600000000E+02  1.8313753540E-02  9.1569E-03  9.1569E-03
  1.2700000000E+02  1.8582864648E-02  9.2914E-03  9.2914E-03
  1.2800000000E+02  1.8828124646E-02  9.4141E-03  9.4141E-03
  1.2900000000E+02  1.9760424407E-02  9.8802E-03  9.8802E-03
  1.3000000000E+02  2.0446811216E-02  1.0223E-02  1.0223E-02
  1.3100000000E+02  2.0891200915E-02  1.0446E-02  1.0446E-02
  1.3200000000E+02  2.1329305697E-02  1.0665E-02  1.0665E-02
  1.3300000000E+02  2.1732723149E-02  1.0866E-02  1.0866E-02
  1.3400000000E+02  2.2131480291E-02  1.1066E-02  1.1066E-02
  1.3500000000E+02  2.2621798168E-02  1.1311E-02  1.1311E-02
  1.3600000000E+02  2.3369886150E-02  1.1685E-02  1.1685E-02
  1.3700000000E+02  2.4395262674E-02  1.2198E-02  1.2198E-02
  1.3800000000E+02  2.5451793661E-02  1.2726E-02  1.2726E-02
  1.3900000000E+02  2.6350604709E-02  1.3175E-02  1.3175E-02
  1.4000000000E+02  2.7118040847E-02  1.3559E-02  1.3559E-02
  1.4100000000E+02  2.8926441843E-02  1.4463E-02  1.4463E-02
  1.4200000000E+02  3.1574300229E-02  1.5787E-02  1.5787E-02
  1.4300000000E+02  3.2531467272E-02  1.6266E-02  1.6266E-02
  1.4400000000E+02  3.1092033948E-02  1.5546E-02  1.5546E-02
  1.4500000000E+02  2.9878885022E-02  1.4939E-02  1.4939E-02
  1.4600000000E+02  2.7397692901E-02  1.3699E-02  1.3699E-02
  1.4700000000E+02  2.6384418391E-02  1.3192E-02  1.3192E-02
  1.4800000000E+02  2.6203431237E-02  1.3102E-02  1.3102E-02
  1.4900000000E+02  2.6070038745E-02  1.3035E-02  1.3035E-02
  1.5000000000E+02  2.5946264786E-02  1.2973E-02  1.2973E-02
  1.5100000000E+02  2.5832109358E-02  1.2916E-02  1.2916E-02
  1.5200000000E+02  2.5727572463E-02  1.2864E-02  1.2864E-02
  1.5300000000E+02  2.5632654100E-02  1.2816E-02  1.2816E-02
  1.5400000000E+02  2.5586926993E-02  1.2793E-02  1.2793E-02
  1.5500000000E+02  2.5525186403E-02  1.2763E-02  1.2763E-02
  1.5600000000E+02  2.5387846051E-02  1.2694E-02  1.2694E-02
  1.5700000000E+02  2.5174905937E-02  1.2587E-02  1.2587E-02
  1.5800000000E+02  2.4886366061E-02  1.2443E-02  1.2443E-02
  1.5900000000E+02  2.4522226424E-02  1.2261E-02  1.2261E-02
  1.6000000000E+02  2.4469449842E-02  1.2235E-02  1.2235E-02
  1.6100000000E+02  2.4854242596E-02  1.2427E-02  1.2427E-02
  1.6200000000E+02  2.6980646516E-02  1.3490E-02  1.3490E-02
  1.6300000000E+02  2.4298743879E-02  1.2149E-02  1.2149E-02
  1.6400000000E+02  2.2574564476E-02  1.1287E-02  1.1287E-02
  1.6500000000E+02  2.1571202031E-02  1.0786E-02  1.0786E-02
  1.6600000000E+02  2.4704063014E-02  1.2352E-02  1.2352E-02
  1.6700000000E+02  3.7446756748E-02  1.8723E-02  1.8723E-02
  1.6800000000E+02  1.5267726553E-02  7.6339E-03  7.6338E-03
  1.6900000000E+02  1.5152594893E-02  7.5763E-03  7.5763E-03
  1.7000000000E+02  1.5044698952E-02  7.5224E-03  7.5223E-03
  1.7100000000E+02  1.4944038728E-02  7.4721E-03  7.4720E-03
  1.7200000000E+02  1.4850614224E-02  7.4253E-03  7.4253E-03
  1.7300000000E+02  1.4764425437E-02  7.3822E-03  7.3822E-03
  1.7400000000E+02  1.4685472369E-02  7.3428E-03  7.3427E-03
  1.7500000000E+02  1.4613755020E-02  7.3069E-03  7.3068E-03
  1.7600000000E+02  1.4549273389E-02  7.2747E-03  7.2746E-03
  1.7700000000E+02  1.4492027477E-02  7.2460E-03  7.2460E-03
  1.7800000000E+02  1.4442017283E-02  7.2210E-03  7.2210E-03
  1.7900000000E+02  1.4404098874E-02  7.2021E-03  7.2020E-03
  1.8000000000E+02  1.4495163839E-02  7.2476E-03  7.2476E-03
  1.8100000000E+02  1.4598837406E-02  7.2994E-03  7.2994E-03
  1.8200000000E+02  1.4712339141E-02  7.3562E-03  7.3562E-03
  1.8300000000E+02  1.4835669042E-02  7.4178E-03  7.4178E-03
  1.8400000000E+02  1.4937172725E-02  7.4686E-03  7.4686E-03
  1.8500000000E+02  1.4973556578E-02  7.4868E-03  7.4868E-03
  1.8600000000E+02  1.5014135734E-02  7.5071E-03  7.5071E-03
  1.8700000000E+02  1.5058910195E-02  7.5294E-03  7.5295E-03
  1.8800000000E+02  1.5107879959E-02  7.5539E-03  7.5540E-03
  1.8900000000E+02  1.5161045027E-02  7.5805E-03  7.5806E-03
  1.9000000000E+02  1.5218405399E-02  7.6092E-03  7.6092E-03
  1.9100000000E+02  1.5279961075E-02  7.6399E-03  7.6400E-03
  1.9200000000E+02  1.5345713333E-02  7.6728E-03  7.6729E-03
  1.9300000000E+02  1.5426332783E-02  7.7131E-03  7.7132E-03
  1.9400000000E+02  1.5532031762E-02  7.7659E-03  7.7661E-03
  1.9500000000E+02  1.5713243242E-02  7.8565E-03  7.8567E-03
  1.9600000000E+02  1.6178276415E-02  8.0891E-03  8.0892E-03
  1.9700000000E+02  1.6949789840E-02  8.4748E-03  8.4750E-03
  1.9800000000E+02  1.9240333881E-02  9.6200E-03  9.6204E-03
  1.9900000000E+02  2.5936387936E-02  1.2968E-02  1.2968E-02
  2.0000000000E+02  2.1189729142E-02  1.0595E-02  1.0595E-02
  2.0100000000E+02  1.2932830091E-02  6.4664E-03  6.4664E-03
  2.0200000000E+02  6.5710621293E-03  3.2855E-03  3.2855E-03
  2.0300000000E+02  1.1458661434E-03  5.7293E-04  5.7293E-04
  2.0400000000E+02  1.1601597965E-03  5.8008E-04  5.8008E-04
  2.0500000000E+02  1.1743167535E-03  5.8716E-04  5.8716E-04
  2.0600000000E+02  1.1883370144E-03  5.9417E-04  5.9417E-04
  2.0700000000E+02  1.2022205790E-03  6.0111E-04  6.0111E-04
  2.0800000000E+02  1.2159674476E-03  6.0798E-04  6.0798E-04
  2.0900000000E+02  1.2319640821E-03  6.1598E-04  6.1598E-04
  2.1000000000E+02  1.2500994210E-03  6.2505E-04  6.2505E-04
  2.1100000000E+02  1.2687261291E-03  6.3436E-04  6.3436E-04
  2.1200000000E+02  1.2878442067E-03  6.4392E-04  6.4392E-04
  2.1300000000E+02  1.3074536536E-03  6.5373E-04  6.5373E-04
  2.1400000000E+02  1.3275544698E-03  6.6378E-04  6.6378E-04
  2.1500000000E+02  1.3481466554E-03  6.7407E-04  6.7407E-04
  2.1600000000E+02  1.3692302103E-03  6.8462E-04  6.8462E-04
  2.1700000000E+02  1.3908051346E-03  6.9540E-04  6.9540E-04
  2.1800000000E+02  1.4128714282E-03  7.0644E-04  7.0644E-04
  2.1900000000E+02  1.4354290911E-03  7.1771E-04  7.1771E-04
  2.2000000000E+02  1.4584781235E-03  7.2924E-04  7.2924E-04
  2.2100000000E+02  1.4820185251E-03  7.4101E-04  7.4101E-04
  2.2200000000E+02  1.5060502961E-03  7.5303E-04  7.5303E-04
  2.2300000000E+02  1.5305734364E-03  7.6529E-04  7.6529E-04
  2.2400000000E+02  1.5555879461E-03  7.7779E-04  7.7779E-04
  2.2500000000E+02  1.5810938252E-03  7.9055E-04  7.9055E-04
  2.2600000000E+02  1.6070910735E-03  8.0355E-04  8.0355E-04
  2.2700000000E+02  1.6335796913E-03  8.1679E-04  8.1679E-04
  2.2800000000E+02  1.6605596783E-03  8.3028E-04  8.3028E-04
  2.2900000000E+02  1.6880310348E-03  8.4402E-04  8.4402E-04
  2.3000000000E+02  1.7159937605E-03  8.5800E-04  8.5800E-04
  2.3100000000E+02  1.7444478556E-03  8.7222E-04  8.7222E-04
  2.3200000000E+02  1.7733933201E-03  8.8670E-04  8.8670E-04
  2.3300000000E+02  1.8028301539E-03  9.0142E-04  9.0142E-04
  2.3400000000E+02  1.8327586767E-03  9.1638E-04  9.1638E-04
  2.3500000000E+02  1.8633056967E-03  9.3165E-04  9.3165E-04
  2.3600000000E+02  1.8945746955E-03  9.4729E-04  9.4729E-04
  2.3700000000E+02  1.9265656732E-03  9.6328E-04  9.6328E-04
  2.3800000000E+02  1.9592786298E-03  9.7964E-04  9.7964E-04
  2.3900000000E+02  1.9927135653E-03  9.9636E-04  9.9636E-04
  2.4000000000E+02  2.0268704797E-03  1.0134E-03  1.0134E-03
  2.4100000000E+02  2.0617493729E-03  1.0309E-03  1.0309E-03
  2.4200000000E+02  2.0973502450E-03  1.0487E-03  1.0487E-03
  2.4300000000E+02  2.1336730960E-03  1.0668E-03  1.0668E-03
  2.4400000000E+02  2.1707179258E-03  1.0854E-03  1.0854E-03
  2.4500000000E+02  2.2084847346E-03  1.1042E-03  1.1042E-03
  2.4600000000E+02  2.2469735222E-03  1.1235E-03  1.1235E-03
  2.4700000000E+02  2.2861367211E-03  1.1431E-03  1.1431E-03
  2.4800000000E+02  2.3259249432E-03  1.1630E-03  1.1630E-03
  2.4900000000E+02  2.3663381841E-03  1.1832E-03  1.1832E-03
  2.5000000000E+02  2.4073764438E-03  1.2037E-03  1.2037E-03
  2.5100000000E+02  2.4490397224E-03  1.2245E-03  1.2245E-03
  2.5200000000E+02  2.4913280198E-03  1.2457E-03  1.2457E-03
  2.5300000000E+02  2.5342413360E-03  1.2671E-03  1.2671E-03
  2.5400000000E+02  2.5752445586E-03  1.2876E-03  1.2876E-03
  2.5500000000E+02  2.6134232988E-03  1.3067E-03  1.3067E-03
  2.5600000000E+02  2.6490476154E-03  1.3245E-03  1.3245E-03
  2.5700000000E+02  2.6821175082E-03  1.3411E-03  1.3411E-03
  2.5800000000E+02  2.7126329773E-03  1.3563E-03  1.3563E-03
  2.5900000000E+02  2.7405940227E-03  1.3703E-03  1.3703E-03
  2.6000000000E+02  2.7660006444E-03  1.3830E-03  1.3830E-03
  2.6100000000E+02  2.7888528424E-03  1.3944E-03  1.3944E-03
  2.6200000000E+02  2.8294338879E-03  1.4147E-03  1.4147E-03
  2.6300000000E+02  2.8813724733E-03  1.4407E-03  1.4407E-03
  2.6400000000E+02  2.9339934091E-03  1.4670E-03  1.4670E-03
  2.6500000000E+02  2.9872966952E-03  1.4936E-03  1.4936E-03
  2.6600000000E+02  3.0412823316E-03  1.5206E-03  1.5206E-03
  2.6700000000E+02  3.0959503184E-03  1.5480E-03  1.5480E-03
  2.6800000000E+02  3.1513006554E-03  1.5757E-03  1.5757E-03
  2.6900000000E+02  3.2073333428E-03  1.6037E-03  1.6037E-03
  2.7000000000E+02  3.2640483804E-03  1.6320E-03  1.6320E-03
  2.7100000000E+02  3.3214457684E-03  1.6607E-03  1.6607E-03
  2.7200000000E+02  3.3795255067E-03  1.6898E-03  1.6898E-03
  2.7300000000E+02  3.4382875953E-03  1.7191E-03  1.7191E-03
  2.7400000000E+02  3.4977320342E-03  1.7489E-03  1.7489E-03
  2.7500000000E+02  3.5578588234E-03  1.7789E-03  1.7789E-03
  2.7600000000E+02  3.6186679630E-03  1.8093E-03  1.8093E-03
  2.7700000000E+02  3.6801594528E-03  1.8401E-03  1.8401E-03
  2.7800000000E+02  3.7423332930E-03  1.8712E-03  1.8712E-03
  2.7900000000E+02  3.8051894835E-03  1.9026E-03  1.9026E-03
  2.8000000000E+02  3.8687280242E-03  1.9344E-03  1.9344E-03
  2.8100000000E+02  3.9329489154E-03  1.9665E-03  1.9665E-03
  2.8200000000E+02  3.9978521568E-03  1.9989E-03  1.9989E-03
  2.8300000000E+02  4.0634377485E-03  2.0317E-03  2.0317E-03
  2.8400000000E+02  4.1297056905E-03  2.0649E-03  2.0649E-03
  2.8500000000E+02  4.1966559829E-03  2.0983E-03  2.0983E-03
  2.8600000000E+02  4.2642886256E-03  2.1321E-03  2.1321E-03
  2.8700000000E+02  4.3326036185E-03  2.1663E-03  2.1663E-03
  2.8800000000E+02  4.4016922702E-03  2.2008E-03  2.2008E-03
  2.8900000000E+02  4.4899936354E-03  2.2450E-03  2.2450E-03
  2.9000000000E+02  4.6113573123E-03  2.3057E-03  2.3057E-03
  2.9100000000E+02  4.7619599877E-03  2.3810E-03  2.3810E-03
  2.9200000000E+02  4.9145316341E-03  2.4573E-03  2.4573E-03
  2.9300000000E+02  5.0438668006E-03  2.5219E-03  2.5219E-03
  2.9400000000E+02  5.1578592691E-03  2.5789E-03  2.5789E-03
  2.9500000000E+02  5.2721017056E-03  2.6361E-03  2.6361E-03
  2.9600000000E+02  5.3865941101E-03  2.6933E-03  2.6933E-03
  2.9700000000E+02  5.5013364826E-03  2.7507E-03  2.7507E-03
  2.9800000000E+02  5.6163288230E-03  2.8082E-03  2.8082E-03
  2.9900000000E+02  5.7315711314E-03  2.8658E-03  2.8658E-03
  3.0000000000E+02  5.8470634078E-03  2.9235E-03  2.9235E-03
  3.0100000000E+02  5.9628056522E-03  2.9814E-03  2.9814E-03
  3.0200000000E+02  6.0787978646E-03  3.0394E-03  3.0394E-03
  3.0300000000E+02  6.1950400449E-03  3.0975E-03  3.0975E-03
  3.0400000000E+02  6.3115321932E-03  3.1558E-03  3.1558E-03
  3.0500000000E+02  6.4357567890E-03  3.2179E-03  3.2179E-03
  3.0600000000E+02  6.5722169448E-03  3.2861E-03  3.2861E-03
  3.0700000000E+02  6.7189088946E-03  3.3595E-03  3.3595E-03
  3.0800000000E+02  6.8758326385E-03  3.4379E-03  3.4379E-03
  3.0900000000E+02  7.0429881764E-03  3.5215E-03  3.5215E-03
  3.1000000000E+02  7.2203755083E-03  3.6102E-03  3.6102E-03
  3.1100000000E+02  7.4079946342E-03  3.7040E-03  3.7040E-03
  3.1200000000E+02  7.6058455542E-03  3.8029E-03  3.8029E-03
  3.1300000000E+02  7.8139282681E-03  3.9070E-03  3.9070E-03
  3.1400000000E+02  8.0322427761E-03  4.0161E-03  4.0161E-03
  3.1500000000E+02  8.2607890782E-03  4.1304E-03  4.1304E-03
  3.1600000000E+02  8.4995671742E-03  4.2498E-03  4.2498E-03
  3.1700000000E+02  8.7485770643E-03  4.3743E-03  4.3743E-03
  3.1800000000E+02  9.0078187484E-03  4.5039E-03  4.5039E-03
  3.1900000000E+02  9.2772922265E-03  4.6387E-03  4.6386E-03
  3.2000000000E+02  9.5569974986E-03  4.7785E-03  4.7785E-03
  3.2100000000E+02  9.8469345648E-03  4.9235E-03  4.9234E-03
  3.2200000000E+02  1.0147103425E-02  5.0736E-03  5.0735E-03
  3.2300000000E+02  1.0457504079E-02  5.2288E-03  5.2287E-03
  3.2400000000E+02  1.0778136527E-02  5.3891E-03  5.3890E-03
  3.2500000000E+02  1.1117850506E-02  5.5590E-03  5.5589E-03
  3.2600000000E+02  1.1538149673E-02  5.7691E-03  5.7690E-03
  3.2700000000E+02  1.2066210632E-02  6.0332E-03  6.0331E-03
  3.2800000000E+02  1.2708086709E-02  6.3541E-03  6.3540E-03
  3.2900000000E+02  1.3637442381E-02  6.8188E-03  6.8187E-03
  3.3000000000E+02  1.4581015856E-02  7.2906E-03  7.2904E-03
  3.3100000000E+02  1.5390933522E-02  7.6956E-03  7.6954E-03
  3.3200000000E+02  1.6067195379E-02  8.0337E-03  8.0335E-03
  3.3300000000E+02  1.6609801427E-02  8.3050E-03  8.3048E-03
  3.3400000000E+02  1.6901949376E-02  8.4511E-03  8.4508E-03
  3.3500000000E+02  1.7022623957E-02  8.5115E-03  8.5112E-03
  3.3600000000E+02  1.7282729964E-02  8.6415E-03  8.6412E-03
  3.3700000000E+02  1.7291444500E-02  8.6459E-03  8.6455E-03
  3.3800000000E+02  1.7037383285E-02  8.5189E-03  8.5184E-03
  3.3900000000E+02  1.6653299756E-02  8.3269E-03  8.3264E-03
  3.4000000000E+02  1.6055957827E-02  8.0283E-03  8.0276E-03
  3.4100000000E+02  1.5334531367E-02  7.6676E-03  7.6669E-03
  3.4200000000E+02  1.4586476860E-02  7.2937E-03  7.2928E-03
  3.4300000000E+02  1.3811263404E-02  6.9062E-03  6.9051E-03
  3.4400000000E+02  1.2969996431E-02  6.4856E-03  6.4844E-03
  3.4500000000E+02  1.2063929537E-02  6.0327E-03  6.0313E-03
  3.4600000000E+02  1.1207648752E-02  5.6046E-03  5.6031E-03
  3.4700000000E+02  1.0401154078E-02  5.2014E-03  5.1998E-03
  3.4800000000E+02  9.6444455149E-03  4.8231E-03  4.8214E-03
  3.4900000000E+02  8.9375230622E-03  4.4696E-03  4.4679E-03
  3.5000000000E+02  8.2803867199E-03  4.1411E-03  4.1393E-03
  3.5100000000E+02  7.6730364882E-03  3.8374E-03  3.8356E-03
  3.5200000000E+02  7.1733501658E-03  3.5875E-03  3.5858E-03
  3.5300000000E+02  6.8131734820E-03  3.4074E-03  3.4057E-03
  3.5400000000E+02  6.4670883923E-03  3.2344E-03  3.2327E-03
  3.5500000000E+02  6.1350948965E-03  3.0684E-03  3.0667E-03
  3.5600000000E+02  5.8171929948E-03  2.9094E-03  2.9078E-03
  3.5700000000E+02  5.5133826871E-03  2.7574E-03  2.7559E-03
  3.5800000000E+02  5.2236639734E-03  2.6125E-03  2.6111E-03
  3.5900000000E+02  4.9480368538E-03  2.4747E-03  2.4733E-03
  3.6000000000E+02  4.6865013282E-03  2.3439E-03  2.3426E-03
  3.6100000000E+02  4.4389268040E-03  2.2201E-03  2.2188E-03
  3.6200000000E+02  4.2034188390E-03  2.1023E-03  2.1011E-03
  3.6300000000E+02  3.9793544813E-03  1.9903E-03  1.9891E-03
  3.6400000000E+02  3.7667337309E-03  1.8839E-03  1.8828E-03
  3.6500000000E+02  3.5655565878E-03  1.7833E-03  1.7823E-03
  3.6600000000E+02  3.3758230519E-03  1.6884E-03  1.6875E-03
  3.6700000000E+02  3.1975331233E-03  1.5992E-03  1.5984E-03
  3.6800000000E+02  3.0316831816E-03  1.5162E-03  1.5155E-03
  3.6900000000E+02  3.0169939537E-03  1.5088E-03  1.5082E-03
  3.7000000000E+02  2.9769300221E-03  1.4887E-03  1.4882E-03
  3.7100000000E+02  2.8818570774E-03  1.4412E-03  1.4407E-03
  3.7200000000E+02  2.8011680307E-03  1.4008E-03  1.4004E-03
  3.7300000000E+02  2.7348628819E-03  1.3676E-03  1.3673E-03
  3.7400000000E+02  2.6829416310E-03  1.3416E-03  1.3413E-03
  3.7500000000E+02  2.6454042781E-03  1.3228E-03  1.3226E-03
  3.7600000000E+02  2.6222065266E-03  1.3112E-03  1.3110E-03
  3.7700000000E+02  2.6109599285E-03  1.3055E-03  1.3055E-03
  3.7800000000E+02  2.6103027404E-03  1.3051E-03  1.3052E-03
  3.7900000000E+02  2.6202349623E-03  1.3101E-03  1.3102E-03
  3.8000000000E+02  2.6407565943E-03  1.3203E-03  1.3205E-03
  3.8100000000E+02  2.6718676364E-03  1.3358E-03  1.3360E-03
  3.8200000000E+02  2.7434506930E-03  1.3716E-03  1.3719E-03
  3.8300000000E+02  2.9038474904E-03  1.4518E-03  1.4521E-03
  3.8400000000E+02  3.1537204588E-03  1.5767E-03  1.5770E-03
  3.8500000000E+02  3.4930695981E-03  1.7464E-03  1.7467E-03
  3.8600000000E+02  3.9218949084E-03  1.9608E-03  1.9611E-03
  3.8700000000E+02  4.4401963896E-03  2.2199E-03  2.2203E-03
  3.8800000000E+02  5.0479740419E-03  2.5237E-03  2.5242E-03
  3.8900000000E+02  5.7452278650E-03  2.8723E-03  2.8729E-03
  3.9000000000E+02  6.5319578592E-03  3.2657E-03  3.2663E-03
  3.9100000000E+02  1.8246025616E-02  9.1206E-03  9.1254E-03
  3.9200000000E+02  1.2735077974E-02  6.3670E-03  6.3680E-03
  3.9300000000E+02  1.1622267630E-02  5.8107E-03  5.8115E-03
  3.9400000000E+02  1.0898916582E-02  5.4491E-03  5.4498E-03
  3.9500000000E+02  1.0565024830E-02  5.2822E-03  5.2829E-03
  3.9600000000E+02  1.0474941275E-02  5.2371E-03  5.2378E-03
  3.9700000000E+02  1.0383494443E-02  5.1914E-03  5.1921E-03
  3.9800000000E+02  1.0328135637E-02  5.1637E-03  5.1644E-03
  3.9900000000E+02  1.0308864858E-02  5.1541E-03  5.1548E-03
  4.0000000000E+02  1.0325682104E-02  5.1625E-03  5.1632E-03
  4.0100000000E+02  1.0378587376E-02  5.1889E-03  5.1897E-03
  4.0200000000E+02  1.0465555860E-02  5.2324E-03  5.2332E-03
  4.0300000000E+02  1.0551818999E-02  5.2755E-03  5.2763E-03
  4.0400000000E+02  1.0633993958E-02  5.3166E-03  5.3174E-03
  4.0500000000E+02  1.0712080738E-02  5.3556E-03  5.3565E-03
  4.0600000000E+02  1.0786079338E-02  5.3926E-03  5.3935E-03
  4.0700000000E+02  1.0855989759E-02  5.4275E-03  5.4285E-03
  4.0800000000E+02  1.0921812001E-02  5.4604E-03  5.4614E-03
  4.0900000000E+02  1.0983546063E-02  5.4913E-03  5.4922E-03
  4.1000000000E+02  1.1041191946E-02  5.5201E-03  5.5211E-03
  4.1100000000E+02  1.1094749649E-02  5.5469E-03  5.5479E-03
  4.1200000000E+02  1.1144219173E-02  5.5716E-03  5.5726E-03
  4.1300000000E+02  1.1189600518E-02  5.5943E-03  5.5953E-03
  4.1400000000E+02  1.1230893683E-02  5.6150E-03  5.6159E-03
  4.1500000000E+02  1.1268098669E-02  5.6336E-03  5.6345E-03
  4.1600000000E+02  1.1301215475E-02  5.6501E-03  5.6511E-03
  4.1700000000E+02  1.1331687089E-02  5.6654E-03  5.6663E-03
  4.1800000000E+02  1.1363467264E-02  5.6813E-03  5.6822E-03
  4.1900000000E+02  1.1396782083E-02  5.6979E-03  5.6989E-03
  4.2000000000E+02  1.1431631546E-02  5.7153E-03  5.7163E-03
  4.2100000000E+02  1.1468015652E-02  5.7335E-03  5.7345E-03
  4.2200000000E+02  1.1505934403E-02  5.7525E-03  5.7535E-03
  4.2300000000E+02  1.1545387797E-02  5.7722E-03  5.7732E-03
  4.2400000000E+02  1.3518916453E-02  6.7590E-03  6.7599E-03
  4.2500000000E+02  1.4142990527E-02  7.0710E-03  7.0720E-03
  4.2600000000E+02  1.4331467438E-02  7.1653E-03  7.1662E-03
  4.2700000000E+02  1.4389215729E-02  7.1942E-03  7.1950E-03
  4.2800000000E+02  1.4328606325E-02  7.1639E-03  7.1647E-03
  4.2900000000E+02  1.4139211142E-02  7.0693E-03  7.0699E-03
  4.3000000000E+02  1.3610680217E-02  6.8051E-03  6.8056E-03
  4.3100000000E+02  1.2693241180E-02  6.3464E-03  6.3468E-03
  4.3200000000E+02  1.0586836714E-02  5.2933E-03  5.2936E-03
  4.3300000000E+02  1.0258081737E-02  5.1289E-03  5.1292E-03
  4.3400000000E+02  9.9052081204E-03  4.9525E-03  4.9527E-03
  4.3500000000E+02  9.5282158650E-03  4.7640E-03  4.7642E-03
  4.3600000000E+02  9.1271049708E-03  4.5634E-03  4.5637E-03
  4.3700000000E+02  8.9652379190E-03  4.4825E-03  4.4827E-03
  4.3800000000E+02  8.8304752870E-03  4.4151E-03  4.4153E-03
  4.3900000000E+02  8.6974468169E-03  4.3486E-03  4.3488E-03
  4.4000000000E+02  8.5661525088E-03  4.2830E-03  4.2832E-03
  4.4100000000E+02  8.4365923626E-03  4.2182E-03  4.2184E-03
  4.4200000000E+02  8.3087663783E-03  4.1543E-03  4.1544E-03
  4.4300000000E+02  8.1826745561E-03  4.0913E-03  4.0914E-03
  4.4400000000E+02  8.0583168957E-03  4.0291E-03  4.0292E-03
  4.4500000000E+02  7.9356933973E-03  3.9678E-03  3.9679E-03
  4.4600000000E+02  7.8148040609E-03  3.9074E-03  3.9074E-03
  4.4700000000E+02  7.6956488864E-03  3.8478E-03  3.8479E-03
  4.4800000000E+02  7.5782278738E-03  3.7891E-03  3.7891E-03
  4.4900000000E+02  7.4625410232E-03  3.7312E-03  3.7313E-03
  4.5000000000E+02  7.3485883346E-03  3.6743E-03  3.6743E-03
  4.5100000000E+02  7.2363698079E-03  3.6182E-03  3.6182E-03
  4.5200000000E+02  7.1258854431E-03  3.5629E-03  3.5630E-03
  4.5300000000E+02  7.0171352403E-03  3.5086E-03  3.5086E-03
  4.5400000000E+02  6.9101191995E-03  3.4550E-03  3.4551E-03
  4.5500000000E+02  6.8048373206E-03  3.4024E-03  3.4024E-03
  4.5600000000E+02  6.7012896036E-03  3.3506E-03  3.3507E-03
  4.5700000000E+02  6.5994760486E-03  3.2997E-03  3.2997E-03
  4.5800000000E+02  6.5030581472E-03  3.2515E-03  3.2515E-03
  4.5900000000E+02  6.4194887716E-03  3.2097E-03  3.2097E-03
  4.6000000000E+02  6.3489858879E-03  3.1745E-03  3.1745E-03
  4.6100000000E+02  6.2915494962E-03  3.1458E-03  3.1458E-03
  4.6200000000E+02  6.2471795963E-03  3.1236E-03  3.1236E-03
  4.6300000000E+02  6.2158761884E-03  3.1079E-03  3.1079E-03
  4.6400000000E+02  6.1958964780E-03  3.0979E-03  3.0979E-03
  4.6500000000E+02  6.2618608450E-03  3.1309E-03  3.1309E-03
  4.6600000000E+02  7.0552557124E-03  3.5276E-03  3.5276E-03
  4.6700000000E+02  7.6619951478E-03  3.8310E-03  3.8310E-03
  4.6800000000E+02  7.5095491446E-03  3.7548E-03  3.7548E-03
  4.6900000000E+02  7.0467488612E-03  3.5234E-03  3.5234E-03
  4.7000000000E+02  6.7466468644E-03  3.3733E-03  3.3733E-03
  4.7100000000E+02  6.1844414658E-03  3.0922E-03  3.0922E-03
  4.7200000000E+02  5.8054839338E-03  2.9027E-03  2.9027E-03
  4.7300000000E+02  2.0777878906E-02  1.0389E-02  1.0389E-02
  4.7400000000E+02  2.8185792502E-02  1.4093E-02  1.4093E-02
  4.7500000000E+02  3.6597075544E-02  1.8298E-02  1.8299E-02
  4.7600000000E+02  4.6011728031E-02  2.3006E-02  2.3006E-02
  4.7700000000E+02  1.0417377141E-01  5.2087E-02  5.2087E-02
  4.7800000000E+02  8.0649939928E-02  4.0325E-02  4.0325E-02
  4.7900000000E+02  7.0004996580E-02  3.5003E-02  3.5002E-02
  4.8000000000E+02  6.2724009180E-02  3.1362E-02  3.1362E-02
  4.8100000000E+02  6.1899707616E-02  3.0950E-02  3.0950E-02
  4.8200000000E+02  6.2022866015E-02  3.1011E-02  3.1011E-02
  4.8300000000E+02  6.2426831164E-02  3.1213E-02  3.1213E-02
  4.8400000000E+02  6.2542472255E-02  3.1271E-02  3.1271E-02
  4.8500000000E+02  6.3405939731E-02  3.1703E-02  3.1703E-02
  4.8600000000E+02  6.1846567516E-02  3.0923E-02  3.0923E-02
  4.8700000000E+02  6.3352227392E-02  3.1676E-02  3.1676E-02
  4.8800000000E+02  6.4375185634E-02  3.2188E-02  3.2188E-02
  4.8900000000E+02  6.5621391342E-02  3.2811E-02  3.2811E-02
  4.9000000000E+02  6.7416896696E-02  3.3708E-02  3.3708E-02
  4.9100000000E+02  6.9483077785E-02  3.4742E-02  3.4742E-02
  4.9200000000E+02  7.1900827323E-02  3.5950E-02  3.5950E-02
  4.9300000000E+02  1.3232421438E-01  6.6162E-02  6.6162E-02
  4.9400000000E+02  8.1962687105E-02  4.0981E-02  4.0981E-02
  4.9500000000E+02  8.6513985685E-02  4.3257E-02  4.3257E-02
  4.9600000000E+02  8.8576276543E-02  4.4288E-02  4.4288E-02
  4.9700000000E+02  8.6218699876E-02  4.3109E-02  4.3109E-02
  4.9800000000E+02  8.3919744047E-02  4.1960E-02  4.1960E-02
  4.9900000000E+02  9.7723477624E-02  4.8862E-02  4.8862E-02
  5.0000000000E+02  7.3013593343E-02  3.6507E-02  3.6507E-02
  5.0100000000E+02  3.2709727583E-02  1.6355E-02  1.6355E-02
  5.0200000000E+02  2.9113484657E-02  1.4557E-02  1.4557E-02
  5.0300000000E+02  2.5862572789E-02  1.2931E-02  1.2931E-02
  5.0400000000E+02  2.2989316714E-02  1.1495E-02  1.1495E-02
  5.0500000000E+02  2.0532851845E-02  1.0266E-02  1.0266E-02
  5.0600000000E+02  1.8480684653E-02  9.2403E-03  9.2403E-03
  5.0700000000E+02  1.6982225055E-02  8.4911E-03  8.4911E-03
  5.0800000000E+02  1.6291051040E-02  8.1455E-03  8.1455E-03
  5.0900000000E+02  1.4071112529E-02  7.0356E-03  7.0356E-03
  5.1000000000E+02  1.1841082761E-02  5.9205E-03  5.9205E-03
  5.1100000000E+02  1.0811138717E-02  5.4056E-03  5.4056E-03
  5.1200000000E+02  1.0234172482E-02  5.1171E-03  5.1171E-03
  5.1300000000E+02  9.5840435818E-03  4.7920E-03  4.7920E-03
  5.1400000000E+02  8.6649326259E-03  4.3325E-03  4.3325E-03
  5.1500000000E+02  7.4768396143E-03  3.7384E-03  3.7384E-03
  5.1600000000E+02  6.0197645471E-03  3.0099E-03  3.0099E-03
  5.1700000000E+02  5.0456292105E-03  2.5228E-03  2.5228E-03
  5.1800000000E+02  4.8305727480E-03  2.4153E-03  2.4153E-03
  5.1900000000E+02  2.1943627280E-03  1.0972E-03  1.0972E-03
  5.2000000000E+02  9.4873918455E-04  4.7437E-04  4.7437E-04
  5.2100000000E+02  4.1672702351E-04  2.0836E-04  2.0836E-04
  5.2200000000E+02  1.0052419941E-04  5.0262E-05  5.0262E-05
  5.2300000000E+02  0.0000000000E+00  0.0000E+00  0.0000E+00
